MBK	ACC	OVV	EGG
0.413326	-0.017394	183.093274	-0.000693
0.384153	-0.031143	203.896025	-0.001189
0.316039	-0.040177	208.942632	-0.001706
0.223500	-0.044735	214.535913	-0.002063
0.124108	-0.045106	212.982687	-0.002519
0.029425	-0.045409	211.048072	-0.002703
-0.048842	-0.046114	207.723641	-0.002710
-0.107985	-0.047316	196.550223	-0.002749
-0.148021	-0.048765	191.143985	-0.002696
-0.166204	-0.051878	174.825760	-0.002629
-0.162838	-0.052458	173.364773	-0.002735
-0.140667	-0.050078	165.070150	-0.002674
-0.101949	-0.044132	175.286071	-0.002520
-0.047444	-0.034446	181.426752	-0.002696
0.018267	-0.023416	207.140979	-0.002808
0.089243	-0.013388	228.639304	-0.002767
0.155352	-0.002399	258.976888	-0.002730
0.205718	0.009758	280.530006	-0.002661
0.231830	0.021571	298.155801	-0.002742
0.226858	0.036074	307.198313	-0.002737
0.190919	0.051838	302.575547	-0.002632
0.127097	0.066857	288.076679	-0.002389
0.042058	0.080529	259.440657	-0.000265
-0.055472	0.077670	227.943455	0.001303
-0.152234	0.054765	184.393696	0.001609
-0.241470	0.024087	143.463928	0.001595
-0.316250	-0.006430	91.383125	0.001656
-0.377037	-0.032411	41.455955	0.001574
-0.411280	-0.048682	3.135519	0.001542
-0.402438	-0.051940	-27.284553	0.001672
-0.354790	-0.039629	-38.188116	0.001631
-0.272923	-0.019841	-36.712498	0.001616
-0.156202	-0.000474	-15.773694	0.001557
-0.015796	0.013355	16.240690	0.001580
0.124701	0.018889	60.977332	0.001596
0.251357	0.016237	101.227646	0.001077
0.344372	0.007958	136.822675	0.000524
0.392963	-0.005913	170.241007	-0.000058
0.398849	-0.022052	187.258128	-0.000422
0.359807	-0.034262	205.440328	-0.000900
0.286862	-0.041296	208.958920	-0.001516
0.194183	-0.043598	215.252722	-0.002006
0.098166	-0.043427	208.127906	-0.002371
0.007235	-0.042556	211.722002	-0.002695
-0.066605	-0.043628	203.149110	-0.002666
-0.123548	-0.045154	196.723299	-0.002802
-0.161906	-0.047817	186.093762	-0.002647
-0.178783	-0.050930	174.670919	-0.002732
-0.175455	-0.050754	171.398585	-0.002840
-0.152894	-0.046833	167.507382	-0.002671
-0.112040	-0.038698	178.206860	-0.002683
-0.053380	-0.028196	189.315282	-0.002699
0.016630	-0.016305	217.853368	-0.002876
0.090659	-0.005992	239.735012	-0.002727
0.156541	0.005563	270.394368	-0.002761
0.204008	0.016918	287.640926	-0.002717
0.224802	0.028860	305.214062	-0.002688
0.215791	0.043655	307.392884	-0.002666
0.174790	0.059003	299.334078	-0.002866
0.104598	0.074916	277.554313	-0.001734
0.016014	0.084750	248.279110	0.000513
-0.082035	0.074462	214.366522	0.001438
-0.176510	0.048139	171.241965	0.001535
-0.263691	0.017492	127.502181	0.001593
-0.337850	-0.012369	73.405103	0.001585
-0.396083	-0.036027	28.671690	0.001553
-0.421702	-0.047272	-9.192886	0.001583
-0.403578	-0.044384	-35.939001	0.001747
-0.347621	-0.029479	-41.133913	0.001563
-0.254707	-0.010346	-36.011606	0.001641
-0.128679	0.007768	-8.070556	0.001633
0.012936	0.019166	25.499932	0.001652
0.151386	0.022205	74.657472	0.001497
0.271945	0.017140	109.978112	0.000889
0.355496	0.007528	150.072778	0.000442
0.392148	-0.007597	175.326237	-0.000122
0.386406	-0.022944	194.358171	-0.000707
0.338641	-0.033279	208.117396	-0.001165
0.260592	-0.038940	210.622385	-0.001682
0.166879	-0.040304	214.113238	-0.001957
0.072561	-0.039653	208.096971	-0.002419
-0.014419	-0.039241	210.684649	-0.002819
-0.084219	-0.040195	197.867241	-0.002770
-0.137331	-0.042323	195.722326	-0.002730
-0.171224	-0.046399	179.622310	-0.002800
-0.184621	-0.047419	175.535314	-0.002791
-0.178778	-0.045149	167.407294	-0.002725
-0.154179	-0.039863	172.745714	-0.002735
-0.109010	-0.030484	181.060351	-0.002689
-0.047622	-0.019620	201.251606	-0.002655
0.022569	-0.008012	225.273371	-0.002750
0.096186	0.003198	250.056089	-0.002740
0.156661	0.014522	277.279850	-0.002733
0.200427	0.026131	293.610061	-0.002734
0.214398	0.039926	307.693797	-0.002772
0.198605	0.056217	300.464250	-0.002749
0.150149	0.072124	291.803016	-0.002498
0.076448	0.088055	265.057560	-0.000274
-0.014694	0.087699	235.562933	0.001319
-0.112372	0.066498	193.880656	0.001729
-0.207918	0.036310	150.730942	0.001501
-0.295256	0.005061	101.381742	0.001632
-0.368681	-0.022621	48.086789	0.001623
-0.418477	-0.040892	11.438034	0.001618
-0.424346	-0.044659	-24.473934	0.001537
-0.390414	-0.033783	-36.533866	0.001587
-0.318309	-0.014363	-41.353588	0.001621
-0.209967	0.004904	-21.569957	0.001733
-0.073732	0.019264	7.586551	0.001687
0.068063	0.025687	51.130327	0.001464
0.200567	0.024602	94.019445	0.001095
0.304402	0.016451	128.353650	0.000614
0.368040	0.003206	165.044967	0.000218
0.389172	-0.012796	182.957986	-0.000479
0.367492	-0.025227	206.915534	-0.000897
0.310697	-0.032905	209.881022	-0.001415
0.231020	-0.034813	218.737206	-0.001975
0.141123	-0.034310	210.650478	-0.002337
0.052091	-0.034313	215.691023	-0.002611
-0.026187	-0.035469	207.245784	-0.002705
-0.092818	-0.037180	202.327152	-0.002724
-0.144880	-0.040743	188.535486	-0.002726
-0.175536	-0.043881	176.441988	-0.002575
-0.187534	-0.043407	171.810380	-0.002829
-0.178087	-0.039822	166.912353	-0.002701
-0.148152	-0.031951	177.920674	-0.002758
-0.095373	-0.021068	188.402712	-0.002570
-0.029300	-0.009497	214.903930	-0.002659
0.046514	0.001525	235.927139	-0.002633
0.117839	0.013247	266.802330	-0.002802
0.173924	0.025835	285.036494	-0.002704
0.208070	0.039084	302.238006	-0.002798
0.213104	0.055227	305.435686	-0.002648
0.184671	0.070224	298.342980	-0.002770
0.127153	0.086620	279.364166	-0.001285
0.048002	0.094132	250.281936	0.000844
-0.046871	0.079847	216.259825	0.001539
-0.143959	0.051595	170.937329	0.001632
-0.237342	0.020033	127.791407	0.001609
-0.322736	-0.009517	65.724098	0.001677
-0.391538	-0.031567	24.821318	0.001563
-0.422465	-0.040668	-10.775693	0.001684
-0.408794	-0.036117	-34.108380	0.001656
-0.356791	-0.019044	-38.991971	0.001655
-0.264639	-0.000079	-32.411436	0.001697
-0.140139	0.017833	-3.265492	0.001633
-0.000515	0.027225	28.439716	0.001601
0.134728	0.028644	76.739961	0.001355
0.253591	0.022355	109.118212	0.000861
0.334664	0.011746	151.748567	0.000339
0.374786	-0.004132	172.771417	-0.000150
0.375365	-0.018173	197.426385	-0.000667
0.337385	-0.027500	210.912488	-0.001161
0.271235	-0.031941	214.714451	-0.001506
0.190059	-0.032842	218.026903	-0.001914
0.103857	-0.032809	213.813879	-0.002371
0.020857	-0.033088	214.800599	-0.002723
-0.050676	-0.034716	200.134303	-0.002789
-0.112900	-0.037613	198.413267	-0.002738
-0.158537	-0.041848	178.590802	-0.002685
-0.183963	-0.042913	176.595195	-0.002665
-0.188017	-0.039411	166.537089	-0.002650
-0.170706	-0.033485	177.153816	-0.002750
-0.129463	-0.023335	184.988792	-0.002806
-0.070595	-0.011125	208.320232	-0.002801
-0.000099	0.000524	230.306421	-0.002645
0.074101	0.012142	256.895133	-0.002863
0.138828	0.024969	281.505730	-0.002757
0.183557	0.037199	295.918254	-0.002726
0.201809	0.052236	308.281521	-0.002602
0.190480	0.067873	300.976782	-0.002844
0.147895	0.083649	288.531816	-0.001972
0.080831	0.096071	257.759764	0.000461
-0.004006	0.089208	228.723555	0.001543
-0.096269	0.063967	183.220944	0.001651
-0.189984	0.033663	140.646252	0.001498
-0.278825	0.002928	87.586783	0.001540
-0.354889	-0.022832	36.193444	0.001532
-0.402834	-0.037050	0.520272	0.001534
-0.405722	-0.037246	-32.275329	0.001652
-0.370127	-0.023484	-37.292095	0.001641
-0.295248	-0.004913	-40.422518	0.001686
-0.182601	0.013432	-14.578072	0.001602
-0.047044	0.025775	14.399333	0.001608
0.091737	0.030358	64.836744	0.001534
0.217627	0.026781	100.946915	0.001156
0.311860	0.017273	140.907375	0.000536
0.363938	0.003463	171.581021	0.000063
0.376838	-0.012149	189.429644	-0.000508
0.351873	-0.023330	208.275405	-0.000818
0.296578	-0.029816	210.257154	-0.001493
0.222527	-0.031751	218.893969	-0.001897
0.142269	-0.032260	210.685410	-0.002147
0.062902	-0.032483	216.050981	-0.002639
-0.006795	-0.032853	202.224210	-0.002831
-0.068255	-0.034909	200.839032	-0.002750
-0.116961	-0.038131	183.639123	-0.002660
-0.150759	-0.040414	178.676523	-0.002638
-0.167160	-0.039406	170.820073	-0.002745
-0.163900	-0.035147	171.285686	-0.002675
-0.139487	-0.026928	181.556122	-0.002797
-0.092862	-0.015736	196.524752	-0.002629
-0.031258	-0.004276	223.221014	-0.002712
0.040245	0.007288	245.603407	-0.002809
0.106177	0.018938	277.466143	-0.002773
0.160878	0.031817	290.870528	-0.002587
0.191088	0.045681	309.226979	-0.002705
0.194450	0.061869	306.707258	-0.002848
0.167488	0.077488	300.006715	-0.002580
0.114589	0.093279	274.568988	-0.000686
0.039930	0.096530	246.055779	0.001317
-0.048099	0.077837	206.943492	0.001689
-0.137602	0.047934	162.179444	0.001612
-0.226530	0.016696	115.075150	0.001622
-0.308332	-0.011736	58.595775	0.001698
-0.373621	-0.031755	19.320754	0.001641
-0.399679	-0.038148	-19.721425	0.001557
-0.385019	-0.030096	-37.155934	0.001665
-0.330989	-0.012221	-41.645327	0.001577
-0.238346	0.007251	-28.305962	0.001689
-0.113495	0.022928	1.549252	0.001747
0.023277	0.030698	38.455791	0.001599
0.156447	0.030300	85.448817	0.001354
0.266119	0.023577	118.927519	0.000953
0.338338	0.011276	159.501357	0.000513
0.370297	-0.004489	176.546969	-0.000053
0.363012	-0.018369	201.246793	-0.000600
0.320777	-0.026581	208.893546	-0.001142
0.255936	-0.030538	219.164807	-0.001556
0.180799	-0.031052	216.799038	-0.002153
0.102742	-0.031088	216.588232	-0.002461
0.030526	-0.031728	210.452289	-0.002673
-0.031497	-0.032878	201.843977	-0.002826
-0.086979	-0.035933	194.991910	-0.002844
-0.128619	-0.039683	178.731355	-0.002805
-0.153533	-0.040214	176.953534	-0.002568
-0.162152	-0.037698	168.680017	-0.002606
-0.150980	-0.030656	178.130544	-0.002710
-0.116308	-0.019630	185.987849	-0.002637
-0.065335	-0.008309	211.890486	-0.002692
0.000205	0.002452	233.634744	-0.002705
0.070138	0.013864	262.477735	-0.002872
0.129644	0.025789	283.032129	-0.002775
0.172435	0.038904	298.308453	-0.002779
0.189723	0.054098	306.622206	-0.002746
0.179532	0.069150	301.133798	-0.002781
0.140102	0.083992	286.172583	-0.001882
0.078208	0.096440	255.359695	0.000481
-0.000714	0.087796	226.191611	0.001558
-0.087134	0.061625	179.059910	0.001622
-0.174866	0.031291	137.208364	0.001603
-0.258307	0.001185	82.008257	0.001556
-0.332661	-0.022845	35.197943	0.001683
-0.377916	-0.036576	-2.034342	0.001679
-0.382304	-0.035475	-32.372390	0.001595
-0.349746	-0.021167	-38.209191	0.001534
-0.276972	-0.002336	-35.972759	0.001612
-0.170256	0.015637	-10.372686	0.001541
-0.042184	0.027054	19.420103	0.001656
0.089316	0.031162	67.282293	0.001499
0.208972	0.027401	102.347901	0.001187
0.296386	0.018088	141.333322	0.000444
0.345578	0.004110	169.594311	-0.000020
0.357638	-0.010758	186.481263	-0.000533
0.331748	-0.021151	205.626753	-0.000936
0.277399	-0.027831	208.491448	-0.001591
0.209430	-0.030484	215.934034	-0.001801
0.136608	-0.030535	208.601510	-0.002294
0.065159	-0.029994	214.630986	-0.002683
0.003120	-0.030788	199.467085	-0.002737
-0.052388	-0.032120	198.334814	-0.002761
-0.097874	-0.035607	182.977743	-0.002669
-0.129550	-0.038505	176.472441	-0.002805
-0.147539	-0.037492	169.887668	-0.002690
-0.148581	-0.033524	171.108550	-0.002814
-0.129568	-0.025978	179.762622	-0.002771
-0.089583	-0.015957	195.418464	-0.002831
-0.034495	-0.004295	221.813347	-0.002799
0.031477	0.007086	245.615679	-0.002761
0.095440	0.019261	274.014686	-0.002803
0.147530	0.031048	290.142216	-0.002883
0.178424	0.045339	306.082106	-0.002805
0.182178	0.060599	303.778106	-0.002715
0.157732	0.075313	294.533454	-0.002773
0.107900	0.090917	271.168450	-0.000829
0.037983	0.095600	242.308514	0.001197
-0.043847	0.076802	204.056385	0.001646
-0.127885	0.048070	159.732412	0.001558
-0.210334	0.017376	114.448702	0.001592
-0.286261	-0.010916	58.386103	0.001568
-0.347989	-0.031247	19.050187	0.001729
-0.372284	-0.038526	-19.151618	0.001493
-0.357667	-0.030790	-35.249358	0.001548
-0.307286	-0.013404	-38.893997	0.001594
-0.219317	0.005960	-27.205141	0.001535
-0.101617	0.021826	2.543494	0.001623
0.026650	0.029621	39.589661	0.001690
0.150929	0.029815	84.675009	0.001236
0.256258	0.023824	115.511523	0.000799
0.324337	0.012343	157.368888	0.000196
0.355537	-0.003818	175.508087	-0.000276
0.348489	-0.017232	199.595737	-0.000862
0.307718	-0.025152	206.103318	-0.001401
0.245195	-0.029170	213.605223	-0.001767
0.173855	-0.030294	212.181701	-0.002160
0.100636	-0.029499	212.885775	-0.002622
0.034564	-0.029730	208.357532	-0.002777
-0.023219	-0.031106	197.538790	-0.002751
-0.073508	-0.034030	192.648922	-0.002688
-0.109698	-0.038567	173.653554	-0.002683
-0.133656	-0.039707	174.003774	-0.002715
-0.141486	-0.037158	164.131507	-0.002682
-0.133072	-0.031504	175.883655	-0.002720
-0.104305	-0.021708	182.860461	-0.002621
-0.057201	-0.009989	209.230044	-0.002772
0.002232	0.001087	228.779475	-0.002677
0.065469	0.012264	258.725456	-0.002759
0.121752	0.024076	279.948495	-0.002714
0.163217	0.035692	297.001142	-0.002760
0.180539	0.050279	305.941862	-0.002864
0.173055	0.065296	300.135994	-0.002758
0.134838	0.079855	285.243279	-0.002323
0.078349	0.092751	257.863692	-0.000063
0.003706	0.087882	229.870307	0.001468
-0.077029	0.063844	186.288499	0.001719
-0.158308	0.033889	144.014860	0.001495
-0.234999	0.004455	91.178015	0.001599
-0.305509	-0.020836	41.718262	0.001635
-0.352785	-0.035566	3.627236	0.001474
-0.359167	-0.036355	-29.559520	0.001586
-0.331362	-0.024118	-38.037513	0.001665
-0.268437	-0.006323	-40.163833	0.001606
-0.169654	0.011379	-14.656282	0.001683
-0.045951	0.023610	12.277757	0.001642
0.080086	0.028646	59.312582	0.001457
0.198282	0.025901	97.052112	0.001068
0.287838	0.017600	134.665745	0.000415
0.339635	0.004952	164.117203	-0.000128
0.354480	-0.009742	183.656910	-0.000654
0.331433	-0.020633	203.571464	-0.001200
0.280370	-0.026993	207.101253	-0.001668
0.212102	-0.030243	215.513737	-0.002198
0.139532	-0.030350	209.371673	-0.002624
0.067577	-0.030702	213.314027	-0.002610
0.006902	-0.031781	200.976002	-0.002798
-0.044911	-0.033114	198.051154	-0.002758
-0.088695	-0.035784	183.734937	-0.002634
-0.117936	-0.038585	175.831547	-0.002619
-0.133955	-0.038418	168.921380	-0.002838
-0.133680	-0.034963	168.396401	-0.002708
-0.117417	-0.028033	176.111954	-0.002677
-0.081674	-0.017440	188.324294	-0.002837
-0.032376	-0.007442	214.979920	-0.002783
0.026948	0.003155	234.695962	-0.002756
0.085820	0.013848	264.807164	-0.002857
0.134979	0.025233	281.215181	-0.002614
0.166051	0.037128	298.750064	-0.002743
0.173712	0.051404	299.722173	-0.002710
0.154699	0.065291	295.460669	-0.002918
0.111837	0.079923	274.424886	-0.002083
0.050415	0.090807	250.337358	0.000097
-0.022064	0.081858	214.820248	0.001385
-0.098205	0.055730	174.550783	0.001662
-0.173363	0.026809	131.770788	0.001624
-0.244372	-0.001612	79.460337	0.001629
-0.307489	-0.024684	34.725145	0.001549
-0.343040	-0.036882	-0.531009	0.001554
-0.340583	-0.035025	-27.247821	0.001744
-0.305704	-0.021217	-34.418257	0.001645
-0.239266	-0.003657	-30.939974	0.001684
-0.138308	0.013322	-8.017865	0.001661
-0.018635	0.024262	23.527012	0.001511
0.102517	0.026857	68.734850	0.001338
0.211459	0.022890	104.392591	0.000945
0.289231	0.013720	141.412217	0.000246
0.329856	0.001230	168.965960	-0.000312
0.336153	-0.013250	188.633887	-0.000951
0.307675	-0.022226	202.953342	-0.001309
0.253439	-0.027997	207.448276	-0.001907
0.184984	-0.029830	211.847568	-0.002256
0.113916	-0.029748	208.158996	-0.002578
0.046895	-0.030515	209.469722	-0.002861
-0.008848	-0.031814	194.978000	-0.002678
-0.057348	-0.033130	193.832230	-0.002856
-0.094473	-0.036208	180.962753	-0.002764
-0.119137	-0.038632	173.409415	-0.002750
-0.129276	-0.037919	166.226188	-0.002681
-0.125344	-0.034008	170.693311	-0.002815
-0.103813	-0.026680	177.882596	-0.002857
-0.065710	-0.016012	193.967996	-0.002717
-0.013898	-0.006119	216.775942	-0.002710
0.043580	0.003879	239.787192	-0.002730
0.099029	0.014272	268.976309	-0.002690
0.142544	0.024949	284.693909	-0.002719
0.166447	0.037511	300.417757	-0.002743
0.166358	0.051037	298.499256	-0.002659
0.142445	0.064641	292.690415	-0.002740
0.096754	0.079803	270.305383	-0.001925
0.033976	0.088644	246.581505	0.000189
-0.036946	0.077854	210.661447	0.001508
