MBK	ACC	OVV	EGG
-0.314475	0.005700	48.400590	-0.012751
-0.207416	-0.088899	94.922152	-0.080327
-0.076873	-0.068778	97.111940	-0.059284
0.014825	-0.106989	126.618291	-0.073886
0.130476	-0.107076	155.885795	-0.067181
0.235330	-0.111494	182.135081	-0.072695
0.289064	-0.084422	181.244684	-0.070538
0.296032	-0.058788	186.622793	-0.074786
0.284082	-0.013342	176.368987	-0.071320
0.234450	0.022161	169.809078	-0.076571
0.120572	0.063923	153.246041	-0.071877
0.011290	0.101580	140.289737	-0.072937
-0.061207	0.185449	119.225975	-0.065154
-0.151315	0.319728	101.511881	-0.065300
-0.214329	0.476739	85.735438	0.014425
-0.252679	0.566923	65.545986	0.106365
-0.309112	0.506513	5.593360	0.119545
-0.448648	0.321026	-53.101226	0.123583
-0.560138	0.134205	-87.013934	0.120790
-0.595787	-0.017267	-72.582414	0.115286
-0.502965	-0.142664	-3.527743	0.106855
-0.232908	-0.214016	11.922704	0.093297
-0.109031	-0.180542	16.828192	0.079480
0.012219	-0.081076	62.005718	0.069172
0.266779	0.005938	99.203882	0.059157
0.414071	0.026083	129.199448	0.049198
0.487362	-0.007776	153.282461	0.038964
0.556405	-0.067484	158.748016	0.029350
0.544193	-0.136947	148.548603	0.019749
0.420569	-0.223569	128.615387	0.009267
0.245333	-0.298333	143.304995	-0.003041
0.133074	-0.328544	120.347060	-0.011362
-0.019090	-0.303921	80.738096	-0.022179
-0.176233	-0.251771	70.953238	-0.032560
-0.227644	-0.186615	60.319826	-0.038548
-0.283545	-0.128337	57.121820	-0.050864
-0.333439	-0.085400	68.536958	-0.060527
-0.273946	-0.066092	77.646457	-0.065541
-0.147463	-0.064141	95.040464	-0.066937
-0.034999	-0.081434	108.149715	-0.071373
0.069433	-0.098827	143.210485	-0.071404
0.193619	-0.103872	170.562235	-0.071640
0.271225	-0.088925	179.999865	-0.072399
0.297615	-0.063622	188.727523	-0.072145
0.308485	-0.030019	185.229913	-0.072538
0.273338	0.003770	176.425252	-0.074345
0.180670	0.038194	167.312614	-0.072595
0.069292	0.077000	149.748518	-0.070434
-0.023011	0.133399	134.350770	-0.069520
-0.103596	0.237313	111.752682	-0.063657
-0.180465	0.392841	96.680225	-0.043126
-0.229736	0.536850	79.527722	0.062647
-0.272622	0.572143	45.554031	0.121499
-0.351450	0.440382	-20.323659	0.120307
-0.503029	0.241591	-69.728267	0.126562
-0.579393	0.066413	-91.791413	0.122120
-0.574829	-0.074872	-43.326175	0.112654
-0.385980	-0.188085	10.765857	0.100442
-0.155436	-0.213004	3.090915	0.089853
-0.092177	-0.141441	33.467389	0.075663
0.119291	-0.034516	79.135906	0.067518
0.355043	0.027887	106.530545	0.057347
0.438764	0.023182	138.421970	0.048318
0.528007	-0.025541	156.857116	0.038038
0.577930	-0.088090	156.352556	0.028620
0.510603	-0.169782	140.022887	0.017051
0.353387	-0.257909	137.272250	0.007736
0.214324	-0.316292	143.241847	-0.002976
0.093931	-0.319519	102.286653	-0.013515
-0.087069	-0.282176	78.140879	-0.022622
-0.196960	-0.222846	68.830190	-0.030734
-0.245681	-0.159506	55.048808	-0.042745
-0.318820	-0.106436	59.866708	-0.050463
-0.324124	-0.077147	70.440049	-0.058505
-0.224034	-0.069045	80.806962	-0.064927
-0.101903	-0.076174	97.484357	-0.064969
-0.000469	-0.089291	118.228380	-0.064929
0.122013	-0.096602	158.331345	-0.068558
0.241166	-0.087109	176.976245	-0.067901
0.292662	-0.065330	184.181179	-0.066303
0.309144	-0.032873	192.031744	-0.069042
0.311389	0.002507	186.320511	-0.067168
0.244701	0.036511	175.419978	-0.067880
0.128877	0.065656	163.191465	-0.066190
0.020562	0.105514	142.990465	-0.065078
-0.070683	0.181255	121.434580	-0.058492
-0.163418	0.316456	100.480145	-0.057210
-0.230448	0.467238	84.839886	0.014583
-0.272133	0.561543	62.680308	0.114133
-0.323042	0.506193	5.137890	0.121911
-0.455059	0.332750	-53.644721	0.130592
-0.554846	0.145230	-83.067327	0.124282
-0.576660	-0.004974	-74.718370	0.121659
-0.492974	-0.133262	-6.258961	0.110142
-0.234061	-0.203885	9.574437	0.101218
-0.107312	-0.176418	15.643449	0.083722
0.010905	-0.080380	60.315884	0.076211
0.268166	0.002263	98.106391	0.064770
0.417908	0.027612	126.587320	0.055653
0.491633	-0.004761	152.752602	0.045834
0.563690	-0.061358	159.345833	0.036057
0.558485	-0.132373	151.104848	0.023635
0.437880	-0.217009	132.814528	0.015128
0.264707	-0.291893	146.817588	0.004411
0.160282	-0.318582	122.591890	-0.005122
0.004042	-0.298703	86.765488	-0.015334
-0.157505	-0.246531	74.559834	-0.023408
-0.215400	-0.182217	61.144202	-0.036355
-0.279549	-0.123605	56.008202	-0.042256
-0.322966	-0.086407	65.234908	-0.056502
-0.275388	-0.068077	70.168980	-0.059565
-0.162512	-0.066942	90.253154	-0.063605
-0.045446	-0.077105	103.015238	-0.063107
0.054043	-0.091220	139.532800	-0.066643
0.185333	-0.090032	166.055193	-0.064656
0.271347	-0.073634	176.859856	-0.066881
0.293814	-0.046879	187.999346	-0.066659
0.319221	-0.016224	189.338130	-0.067400
0.290281	0.016935	175.837968	-0.066929
0.191827	0.047240	170.708532	-0.067591
0.090604	0.081989	152.945194	-0.064340
-0.008112	0.131466	135.332742	-0.063330
-0.099553	0.233659	109.157782	-0.058466
-0.183557	0.379004	95.051403	-0.041431
-0.237338	0.516144	75.775515	0.064217
-0.277343	0.554654	41.705893	0.120402
-0.362531	0.439536	-21.362741	0.126715
-0.505089	0.247205	-62.137763	0.127510
-0.558128	0.074555	-88.443048	0.123531
-0.566798	-0.064783	-46.024037	0.117499
-0.401448	-0.174074	6.639434	0.106651
-0.164932	-0.204798	3.674404	0.091808
-0.090162	-0.141689	28.431544	0.080147
0.099422	-0.042464	76.960992	0.067470
0.337483	0.021537	105.732026	0.059108
0.442729	0.020262	136.950704	0.050094
0.526041	-0.026501	154.288852	0.037540
0.570895	-0.089894	160.202681	0.030434
0.522448	-0.168265	142.282149	0.018309
0.368980	-0.253325	139.394848	0.008609
0.224691	-0.311131	145.709644	-0.001711
0.111923	-0.317078	108.455933	-0.011823
-0.069029	-0.280965	82.944276	-0.022265
-0.188435	-0.225387	72.108200	-0.030200
-0.241719	-0.163310	55.437492	-0.037316
-0.315316	-0.111052	60.168334	-0.051863
-0.324399	-0.081325	66.473600	-0.056259
-0.239423	-0.071843	78.120115	-0.060838
-0.122970	-0.079803	91.725364	-0.063561
-0.025452	-0.093522	113.711756	-0.063922
0.096255	-0.095604	152.499903	-0.064382
0.221533	-0.081830	173.546719	-0.066299
0.286217	-0.057189	182.981661	-0.066734
0.314012	-0.027409	192.294993	-0.068025
0.321997	0.008208	186.734808	-0.069979
0.262522	0.040170	178.957835	-0.069427
0.161964	0.065319	166.700364	-0.065531
0.056625	0.097496	149.301121	-0.067387
-0.043612	0.173253	125.121878	-0.062139
-0.143640	0.311266	103.746119	-0.058685
-0.213188	0.469033	87.728546	0.014589
-0.258228	0.564124	61.676908	0.110632
-0.321099	0.508989	2.336971	0.123640
-0.461234	0.333513	-54.560447	0.128369
-0.568602	0.146441	-85.280992	0.124161
-0.591835	-0.007406	-77.208899	0.117882
-0.512888	-0.136938	-13.115209	0.108607
-0.261299	-0.210536	2.805643	0.096792
-0.125504	-0.182742	9.291877	0.081812
0.003410	-0.084346	53.998101	0.073859
0.266466	0.003628	94.215302	0.062592
0.429987	0.029638	126.246685	0.054466
0.519823	-0.002059	153.817965	0.042653
0.596041	-0.061143	160.478099	0.033002
0.586881	-0.132863	154.725275	0.020932
0.472824	-0.221400	139.859125	0.012710
0.300699	-0.299414	150.983292	0.000441
0.181898	-0.330271	129.188882	-0.009851
0.023178	-0.308971	87.691575	-0.021721
-0.153014	-0.257759	76.396800	-0.028727
-0.217901	-0.193871	60.980162	-0.038776
-0.289993	-0.134133	53.151355	-0.049303
-0.340292	-0.093836	63.573538	-0.059094
-0.282646	-0.072661	68.788434	-0.065417
-0.178602	-0.067889	83.056401	-0.066296
-0.073226	-0.076994	101.837530	-0.066692
0.042015	-0.089496	137.826661	-0.070003
0.175479	-0.090488	164.601283	-0.067729
0.264109	-0.072092	177.206952	-0.070014
0.300282	-0.041119	189.619855	-0.069378
0.329213	-0.006661	194.527899	-0.073409
0.305482	0.024109	183.059686	-0.070970
0.209869	0.049517	174.738092	-0.073630
0.101590	0.080534	156.506734	-0.070029
0.001007	0.131021	135.096456	-0.068651
-0.100726	0.232733	112.255547	-0.062843
-0.184307	0.377630	95.894556	-0.046365
-0.241388	0.510960	75.162299	0.061781
-0.288777	0.547759	35.874257	0.117469
-0.377134	0.435081	-27.858017	0.118185
-0.517082	0.247273	-62.263825	0.123532
-0.556914	0.073510	-86.621641	0.115587
-0.562196	-0.066309	-49.286487	0.110089
-0.400469	-0.173634	2.364420	0.099511
-0.166477	-0.202801	1.400063	0.086304
-0.083696	-0.141702	28.262556	0.074280
0.113089	-0.044736	75.493550	0.066601
0.346676	0.016360	105.352760	0.055759
0.455037	0.015702	137.051514	0.045455
0.542496	-0.030916	156.378632	0.037296
0.584621	-0.093213	162.256088	0.025140
0.532877	-0.170825	146.923698	0.014304
0.380587	-0.254520	142.613985	0.004746
0.235293	-0.312910	148.532678	-0.006452
0.120731	-0.320009	110.857900	-0.014874
-0.064810	-0.284453	85.164992	-0.024950
-0.185264	-0.226212	74.053484	-0.035760
-0.237994	-0.162509	57.901944	-0.048268
-0.312090	-0.111748	58.336734	-0.054438
-0.324504	-0.084397	65.161021	-0.063664
-0.244898	-0.073024	73.807611	-0.065968
-0.134823	-0.077187	89.413268	-0.066403
-0.037436	-0.089238	114.153131	-0.065859
0.088220	-0.095051	150.349767	-0.066758
0.212279	-0.082147	169.081383	-0.069335
0.272661	-0.053631	184.519361	-0.068881
0.311308	-0.018528	192.403427	-0.071022
0.327441	0.013676	187.249334	-0.069677
0.272324	0.040372	180.703431	-0.070698
0.174156	0.064988	169.453721	-0.067928
0.065660	0.100664	151.631813	-0.067954
-0.029932	0.175934	128.497681	-0.061519
-0.131697	0.310543	108.310772	-0.057731
-0.207242	0.459569	90.128281	0.012269
-0.257679	0.555786	59.311581	0.109553
-0.327717	0.506561	1.489071	0.118860
-0.467757	0.335808	-52.731210	0.126350
-0.564131	0.147374	-82.165584	0.120546
-0.594519	-0.004418	-80.900004	0.119844
-0.526532	-0.133918	-18.346740	0.106642
-0.277741	-0.204873	-2.678372	0.096473
-0.143414	-0.179818	4.525225	0.083185
-0.009285	-0.085475	54.686292	0.073277
0.257083	-0.000497	95.090134	0.061308
0.419650	0.027871	123.366654	0.053831
0.509961	-0.002486	154.493855	0.042893
0.591660	-0.058620	164.204928	0.033033
0.586661	-0.130492	160.065114	0.023523
0.472412	-0.217064	143.873780	0.012849
0.303336	-0.295150	153.801232	0.001293
0.184416	-0.325588	129.153153	-0.007134
0.013794	-0.307163	93.010724	-0.021007
-0.158740	-0.257718	77.973611	-0.027297
-0.226863	-0.196240	62.411866	-0.038521
-0.304098	-0.136092	50.559206	-0.047283
-0.354602	-0.094541	60.753692	-0.059225
-0.306424	-0.071415	65.003820	-0.062179
-0.202740	-0.069333	79.373864	-0.067278
-0.099270	-0.079435	96.860195	-0.065904
0.011473	-0.090032	135.719487	-0.067501
0.157246	-0.085409	163.018119	-0.069010
0.251715	-0.065875	175.818860	-0.069415
0.295273	-0.036094	188.146018	-0.068899
0.329763	-0.006203	192.319643	-0.070785
0.309021	0.023470	183.261903	-0.070512
0.222715	0.048658	178.258322	-0.071742
0.116231	0.076411	162.167574	-0.069344
0.018187	0.120791	140.940595	-0.067433
-0.083759	0.218053	115.445126	-0.060928
-0.179925	0.361283	100.946574	-0.046918
-0.230720	0.502943	77.269429	0.057387
-0.283925	0.554009	40.604979	0.115081
-0.376149	0.450448	-18.421096	0.119651
-0.501733	0.262912	-59.804125	0.122362
-0.564722	0.090203	-88.845017	0.119576
-0.583394	-0.051710	-53.103479	0.111884
-0.431501	-0.166604	-0.929212	0.100948
-0.199537	-0.205010	0.089881	0.087152
-0.108163	-0.148528	22.437716	0.074652
0.080275	-0.050376	73.425863	0.068086
0.327303	0.016629	100.558514	0.057630
0.444247	0.019370	133.071392	0.046812
0.536017	-0.024307	158.098717	0.037729
0.599204	-0.084701	164.939122	0.027090
0.554560	-0.160123	144.304539	0.017319
0.404795	-0.245813	145.264473	0.005664
0.265077	-0.308445	151.860138	-0.002828
0.141437	-0.320712	116.405226	-0.017275
-0.048308	-0.289794	89.035753	-0.022255
-0.175377	-0.234674	78.451405	-0.033745
-0.235295	-0.170329	59.659403	-0.042404
-0.318036	-0.116976	57.461175	-0.055465
-0.339521	-0.083577	65.333059	-0.062514
-0.263791	-0.067429	71.633221	-0.065598
-0.163816	-0.070137	83.771079	-0.065591
-0.067532	-0.083911	109.217002	-0.066238
0.063181	-0.089896	143.796036	-0.067556
0.189017	-0.078553	168.577333	-0.070507
0.261663	-0.052490	181.849530	-0.069850
0.308443	-0.020747	194.102810	-0.071445
0.332246	0.012759	191.901428	-0.071230
0.287550	0.040672	183.068578	-0.073400
0.192567	0.064167	172.690817	-0.069130
0.092529	0.097570	155.221833	-0.068670
-0.005989	0.166234	131.617753	-0.062619
-0.112854	0.292632	112.825372	-0.064133
-0.189847	0.440970	91.336864	0.003079
-0.250436	0.548133	63.509478	0.102383
-0.318243	0.517322	9.956028	0.118516
-0.450509	0.353331	-47.296026	0.126126
-0.558954	0.163075	-80.403139	0.121765
-0.598329	0.009167	-85.301842	0.117491
-0.553216	-0.119483	-21.821059	0.108151
-0.308745	-0.198994	-2.742160	0.098914
-0.154070	-0.183738	0.789964	0.083854
-0.035437	-0.093918	48.188724	0.074221
0.227474	-0.003471	90.236373	0.061893
0.411404	0.030149	117.938105	0.053782
0.508758	0.003367	152.236269	0.043059
0.596544	-0.052993	165.928434	0.032625
0.604603	-0.122502	161.499230	0.021036
0.500581	-0.207972	146.569625	0.012793
0.333813	-0.287153	157.143213	0.000366
0.212096	-0.323390	137.861602	-0.008647
0.048219	-0.309337	99.510731	-0.017371
-0.128746	-0.263766	82.743924	-0.028151
-0.209269	-0.201312	64.534719	-0.037276
-0.290130	-0.142509	52.224720	-0.048609
-0.348250	-0.102713	59.391286	-0.059185
-0.315061	-0.079464	63.689880	-0.063218
-0.219187	-0.070943	76.450606	-0.066113
-0.114683	-0.075521	96.714567	-0.066341
-0.000459	-0.083901	128.418899	-0.067392
0.137244	-0.080730	159.370442	-0.068240
0.242655	-0.062956	176.633428	-0.070337
0.293669	-0.032909	189.098376	-0.069645
0.335247	-0.001607	196.249753	-0.070973
0.327131	0.026589	192.461499	-0.071936
0.249969	0.051547	182.599631	-0.071442
0.145416	0.079781	163.532752	-0.070420
0.046044	0.127440	145.078458	-0.066150
-0.054852	0.231642	120.201519	-0.063513
-0.155815	0.381904	101.781679	-0.034713
-0.221289	0.522357	78.462046	0.073814
-0.278118	0.555149	36.510195	0.117652
-0.387854	0.431041	-28.712936	0.122617
-0.528870	0.241071	-68.771050	0.121831
-0.589470	0.071896	-96.352514	0.117882
-0.604563	-0.069484	-46.428609	0.110322
-0.409826	-0.181851	-3.667449	0.099555
-0.199685	-0.207624	-6.626580	0.086523
-0.109468	-0.137845	28.789494	0.074692
0.130503	-0.033957	77.343484	0.063041
0.366818	0.026856	106.933836	0.055733
0.480204	0.022887	143.483694	0.044386
0.582765	-0.024137	163.331210	0.033292
0.628128	-0.085811	167.547880	0.026171
0.570734	-0.167566	151.997529	0.013517
0.406317	-0.257156	153.658757	0.003808
0.265006	-0.317463	154.101826	-0.006169
0.131671	-0.322223	111.396515	-0.018258
-0.077035	-0.285067	88.580892	-0.030139
-0.189790	-0.227772	75.491002	-0.036718
-0.258343	-0.167698	54.247504	-0.047824
-0.349557	-0.113756	55.000788	-0.057730
-0.354019	-0.079390	63.156281	-0.064086
-0.267944	-0.064358	69.856896	-0.069741
-0.158873	-0.068338	82.704910	-0.067934
-0.063925	-0.079261	110.512218	-0.071025
0.070565	-0.081958	152.659007	-0.070231
0.213226	-0.067345	170.123092	-0.074444
0.270327	-0.045140	182.937990	-0.073564
0.317607	-0.017313	199.207069	-0.076220
0.348175	0.015144	193.663781	-0.074210
0.285385	0.044933	185.069043	-0.072756
0.191591	0.068448	175.023433	-0.071029
0.094578	0.100806	153.678416	-0.070726
-0.010695	0.176261	128.700104	-0.063348
-0.120928	0.311755	109.601984	-0.060087
-0.191859	0.466903	88.354610	0.029805
-0.249185	0.558162	58.163497	0.111440
-0.329540	0.488948	-1.973774	0.117052
-0.469739	0.312713	-54.353597	0.125032
-0.567053	0.133992	-90.272338	0.121577
-0.612683	-0.012871	-72.713350	0.115785
-0.506716	-0.142909	-8.071106	0.107058
-0.256388	-0.209506	-7.091213	0.095516
-0.155025	-0.174127	11.153767	0.078850
0.016245	-0.072106	59.750186	0.070429
0.287656	0.012896	96.494027	0.059208
0.432901	0.033078	127.896120	0.049585
0.536432	-0.004063	160.070898	0.039143
0.612932	-0.060040	165.525199	0.030700
0.594593	-0.132629	159.644528	0.016800
0.472535	-0.222747	148.857626	0.009591
0.311868	-0.299933	160.274189	-0.003049
0.190089	-0.325170	129.676605	-0.012581
0.003576	-0.302428	92.966827	-0.024153
-0.152390	-0.250620	79.110878	-0.031044
-0.220318	-0.189516	61.326807	-0.041927
