MBK	ACC	OVV	EGG
-0.099334	-0.032500	131.838180	-0.093671
-0.096457	0.025484	128.673759	-0.095084
-0.087501	0.080300	125.233923	-0.094963
-0.083224	0.142230	132.045313	-0.096993
-0.053510	0.217848	128.413990	-0.094067
-0.036668	0.315907	126.917895	-0.086713
-0.031531	0.474576	125.722879	0.032633
-0.018613	0.597414	120.334930	0.095554
-0.025267	0.502589	104.000658	0.102665
-0.057899	0.285507	85.309347	0.110584
-0.122822	0.116031	47.514737	0.108189
-0.237930	-0.003689	58.546908	0.109120
-0.229016	-0.130351	49.917818	0.100408
-0.272409	-0.203389	20.023523	0.096487
-0.334375	-0.157509	28.851409	0.084732
-0.259873	-0.026311	12.962763	0.075950
-0.253083	0.077613	11.733700	0.061876
-0.175494	0.103122	21.939441	0.052400
-0.063852	0.071172	41.285033	0.041515
0.050076	0.013453	33.750505	0.033282
0.104531	-0.057232	56.214686	0.025667
0.192876	-0.137198	83.197658	0.016716
0.265906	-0.209828	90.352534	0.009733
0.262485	-0.239670	116.612716	0.001519
0.312260	-0.210714	135.299722	-0.008819
0.321708	-0.160036	132.242078	-0.017071
0.276917	-0.126607	149.974174	-0.028207
0.277329	-0.112494	156.827910	-0.040420
0.233926	-0.118220	155.973478	-0.053571
0.182274	-0.138530	153.264063	-0.063572
0.132255	-0.157911	156.542496	-0.073936
0.085896	-0.182354	143.487077	-0.076812
0.023199	-0.197468	143.415171	-0.084073
-0.019102	-0.182296	143.367864	-0.086680
-0.046088	-0.140133	132.490446	-0.090449
-0.086229	-0.087121	133.123595	-0.092279
-0.088773	-0.029158	131.255984	-0.095783
-0.090074	0.027523	126.959883	-0.094807
-0.083133	0.083774	127.182791	-0.097625
-0.076350	0.147102	131.475439	-0.094765
-0.048298	0.224934	127.331097	-0.095086
-0.035453	0.335311	128.231646	-0.075821
-0.024393	0.505159	126.599037	0.047994
-0.012732	0.601877	119.242696	0.098987
-0.025842	0.475233	103.092407	0.108656
-0.057662	0.257653	80.745290	0.114325
-0.132872	0.099693	44.634307	0.111659
-0.242313	-0.022135	60.708684	0.109854
-0.220734	-0.149398	43.559799	0.102997
-0.285617	-0.207300	20.199405	0.098325
-0.326979	-0.140507	26.468628	0.086958
-0.253982	-0.002259	11.906231	0.078571
-0.244084	0.089443	11.896696	0.062279
-0.157172	0.102141	23.178313	0.053642
-0.043746	0.068099	41.613075	0.041673
0.069998	0.010405	31.393716	0.035014
0.117816	-0.065133	60.905273	0.025388
0.219743	-0.149339	83.099878	0.017362
0.279144	-0.219060	90.020702	0.010397
0.276887	-0.240269	119.306801	0.001248
0.330779	-0.205564	134.926197	-0.008284
0.324437	-0.152409	132.863300	-0.016078
0.283745	-0.121884	152.271717	-0.028938
0.283362	-0.112505	156.944735	-0.039409
0.233800	-0.123756	155.039509	-0.055971
0.179025	-0.143247	153.658268	-0.064729
0.126987	-0.163599	158.050967	-0.073883
0.084976	-0.188537	143.135649	-0.074486
0.014964	-0.199009	146.311287	-0.085329
-0.019085	-0.177638	143.761289	-0.082303
-0.052780	-0.131937	133.858582	-0.090002
-0.094048	-0.078561	133.519876	-0.090939
-0.094870	-0.020182	132.961066	-0.095588
-0.093562	0.039804	126.614532	-0.091989
-0.093253	0.099692	129.109576	-0.099784
-0.077420	0.163002	131.688052	-0.090778
-0.051246	0.241771	126.763947	-0.099748
-0.045790	0.370469	127.085396	-0.049382
-0.033800	0.554897	126.386978	0.075363
-0.019316	0.602515	114.577863	0.097141
-0.040863	0.427049	97.047103	0.110143
-0.078565	0.214152	69.951619	0.111834
-0.177772	0.075508	40.856293	0.110426
-0.262119	-0.050936	63.001762	0.107054
-0.232355	-0.177139	31.566316	0.102534
-0.330992	-0.209278	23.836940	0.094193
-0.319720	-0.113254	21.241898	0.084285
-0.266106	0.027489	10.144198	0.073905
-0.246658	0.103236	11.675819	0.059531
-0.141287	0.105824	30.362879	0.049795
-0.022425	0.064233	39.181270	0.039928
0.077006	0.001913	34.554307	0.028622
0.128130	-0.078382	69.033636	0.021821
0.238570	-0.167169	84.269152	0.014274
0.265880	-0.236969	96.013794	0.007275
0.278108	-0.246754	126.880503	-0.001776
0.327491	-0.199492	133.271061	-0.011002
0.297267	-0.145433	137.037446	-0.020367
0.272350	-0.119095	155.659459	-0.033679
0.261262	-0.112642	156.177344	-0.045208
0.202340	-0.126114	155.072335	-0.060876
0.154478	-0.144752	155.678733	-0.068976
0.103526	-0.169298	154.910923	-0.077911
0.057608	-0.197355	141.163746	-0.079256
-0.009504	-0.202782	149.433418	-0.089365
-0.031352	-0.169258	139.401807	-0.087677
-0.076372	-0.118626	133.988747	-0.096067
-0.097243	-0.062776	133.672451	-0.093356
-0.093921	-0.002617	130.998114	-0.097907
-0.095720	0.055979	125.904547	-0.094998
-0.087398	0.115041	131.075175	-0.100302
-0.072243	0.181744	127.867798	-0.091785
-0.052714	0.270001	127.211438	-0.103375
-0.042409	0.414312	126.229912	-0.016717
-0.036906	0.581218	123.595120	0.087434
-0.033202	0.569774	109.614278	0.097210
-0.062168	0.371325	92.892608	0.112766
-0.109391	0.174164	57.801309	0.111808
-0.224698	0.042759	45.888858	0.111581
-0.269238	-0.086040	59.313980	0.105838
-0.263399	-0.191380	22.513216	0.103108
-0.360927	-0.189215	26.012098	0.092221
-0.308866	-0.074900	15.741070	0.084512
-0.278604	0.052679	9.109242	0.074417
-0.234153	0.108313	12.407690	0.061376
-0.119907	0.100225	34.194414	0.050625
-0.002267	0.052336	36.136903	0.042329
0.079988	-0.017542	42.236161	0.031027
0.145930	-0.103508	75.082730	0.024835
0.243265	-0.188415	83.322815	0.014169
0.251178	-0.244025	103.642569	0.005370
0.282700	-0.240177	129.518240	-0.001242
0.311574	-0.191874	130.939147	-0.009922
0.272222	-0.142656	141.182280	-0.022538
0.257516	-0.117133	156.300432	-0.031792
0.234093	-0.111795	153.993357	-0.043351
0.178001	-0.127519	152.272599	-0.059343
0.131851	-0.145228	154.995301	-0.067047
0.083234	-0.171061	149.527542	-0.075461
0.030155	-0.196694	140.055928	-0.078829
-0.027471	-0.196953	147.255790	-0.083309
-0.047339	-0.163106	134.413608	-0.087355
-0.095297	-0.111892	134.037561	-0.093200
-0.103582	-0.051681	132.195239	-0.092648
-0.104544	0.010090	129.889013	-0.096409
-0.099089	0.068882	125.213112	-0.095709
-0.091026	0.126693	130.517869	-0.098526
-0.071196	0.194414	127.521372	-0.090413
-0.052643	0.286421	128.803373	-0.096208
-0.045389	0.441521	125.858248	0.005677
-0.035141	0.597504	122.036858	0.095103
-0.034544	0.550950	106.215502	0.101289
-0.064930	0.335697	90.164979	0.116445
-0.115446	0.148672	49.195357	0.112404
-0.239474	0.025730	49.199803	0.110575
-0.253859	-0.106205	57.295697	0.105754
-0.264437	-0.203669	19.279947	0.099433
-0.358622	-0.181572	26.330072	0.091000
-0.289421	-0.053685	14.686768	0.083358
-0.268558	0.068561	7.965107	0.069015
-0.212322	0.111934	13.524848	0.059762
-0.098003	0.095207	39.137411	0.048050
0.028020	0.042591	31.639269	0.039424
0.092003	-0.031062	44.693540	0.028844
0.167835	-0.118391	78.179405	0.024463
0.262872	-0.201337	83.266853	0.012187
0.256371	-0.248527	107.808552	0.005435
0.299627	-0.232249	132.705150	-0.003494
0.323749	-0.177829	129.802581	-0.012357
0.277769	-0.132676	142.438397	-0.024846
0.270089	-0.113149	157.459628	-0.033052
0.244227	-0.114749	153.949967	-0.049355
0.181869	-0.133032	151.994456	-0.061427
0.136383	-0.150386	156.640206	-0.068702
0.094299	-0.176467	147.288051	-0.076676
0.030327	-0.197938	141.404322	-0.081095
-0.020979	-0.190183	146.626436	-0.086164
-0.041199	-0.149019	131.167491	-0.089332
-0.092885	-0.096635	131.601012	-0.093312
-0.093828	-0.036894	129.769144	-0.093643
-0.094848	0.020511	127.391001	-0.098136
-0.088932	0.076198	124.101837	-0.099240
-0.083960	0.137918	131.282771	-0.096997
-0.057760	0.212051	125.389610	-0.095593
-0.044575	0.311743	126.767593	-0.086071
-0.032647	0.479281	124.418728	0.035560
-0.021410	0.604281	119.065164	0.095141
-0.025479	0.506674	101.821445	0.105873
-0.056466	0.287520	83.764325	0.114292
-0.122303	0.120515	43.019621	0.112125
-0.238572	0.000238	55.208838	0.110954
-0.224370	-0.129713	47.222854	0.105864
-0.271227	-0.206169	18.207120	0.098658
-0.333557	-0.157739	25.989850	0.089444
-0.259782	-0.023951	9.786179	0.081303
-0.254015	0.079126	10.071013	0.067852
-0.175701	0.106193	20.237264	0.057398
-0.063938	0.083730	41.239418	0.045886
0.050696	0.029149	31.914002	0.035733
0.105875	-0.048527	54.503936	0.027885
0.194032	-0.139303	79.606933	0.021077
0.262818	-0.217409	86.324337	0.011674
0.261071	-0.250112	114.159007	0.005000
0.314154	-0.224091	132.432663	-0.005858
0.316361	-0.171908	130.217946	-0.013332
0.280500	-0.131211	147.216694	-0.024732
0.274520	-0.111887	154.000523	-0.033628
0.238925	-0.114515	152.462287	-0.048967
0.186132	-0.131988	152.214544	-0.061609
0.140782	-0.150330	156.409991	-0.070987
0.098814	-0.177395	142.330511	-0.078087
0.032633	-0.195809	144.044025	-0.080866
-0.008307	-0.184016	144.459331	-0.085434
-0.036260	-0.143467	131.880229	-0.088993
-0.082536	-0.092061	133.491407	-0.092084
-0.078941	-0.033088	129.372674	-0.093684
-0.087049	0.024616	126.094100	-0.097111
-0.077269	0.080397	125.370478	-0.095912
-0.072684	0.139945	130.543800	-0.097151
-0.044685	0.209510	124.426308	-0.091922
-0.036111	0.301210	126.568726	-0.091894
-0.022424	0.455626	124.645799	0.020438
-0.013533	0.593391	117.833028	0.094943
-0.025113	0.520573	106.431510	0.102434
-0.049358	0.304226	87.590928	0.112399
-0.108996	0.127586	45.738825	0.111081
-0.234478	0.006687	53.569081	0.110822
-0.229587	-0.119286	52.312900	0.102385
-0.256782	-0.200832	19.219334	0.097782
-0.335471	-0.166201	29.106645	0.088820
-0.260857	-0.038778	13.990210	0.079957
-0.246601	0.072640	9.314685	0.065600
-0.185788	0.106843	17.729033	0.057298
-0.071898	0.082370	41.392440	0.043400
0.052517	0.024510	31.932527	0.037068
0.103279	-0.050659	51.813802	0.028039
0.187120	-0.133850	81.266736	0.020585
0.274794	-0.207652	85.737989	0.010017
0.265535	-0.242622	112.264241	0.004780
0.315648	-0.219336	134.616988	-0.008908
0.334303	-0.166735	130.371918	-0.014036
0.286672	-0.128187	147.014186	-0.025516
0.283645	-0.112069	156.521050	-0.035724
0.247552	-0.117570	154.343447	-0.052438
0.187814	-0.137358	153.217917	-0.063398
0.138481	-0.154653	158.347732	-0.072566
0.097099	-0.178424	144.424365	-0.078369
0.028454	-0.195170	142.294426	-0.084277
-0.019242	-0.185384	144.759159	-0.087670
-0.043617	-0.146432	131.574330	-0.091242
-0.093142	-0.095920	132.354709	-0.093363
-0.094020	-0.034895	130.818779	-0.098871
-0.093582	0.025242	127.482602	-0.096818
-0.088598	0.082667	126.100710	-0.100273
-0.079966	0.142950	131.177596	-0.098749
-0.051870	0.223272	125.280114	-0.099266
-0.042716	0.333285	128.090524	-0.082331
-0.028933	0.503176	124.857308	0.043591
-0.016032	0.607096	118.576906	0.097844
-0.026609	0.485266	100.984770	0.103454
-0.061942	0.264611	81.753214	0.111427
-0.131042	0.103779	41.140294	0.109778
-0.251652	-0.019359	59.614651	0.110846
-0.224330	-0.149883	43.774119	0.102621
-0.285917	-0.209311	18.807814	0.097088
-0.336811	-0.144298	26.541299	0.086697
-0.255880	-0.007348	11.066951	0.077149
-0.252366	0.088296	9.979549	0.065279
-0.167171	0.109085	21.820172	0.055313
-0.048860	0.078646	42.149566	0.042562
0.066034	0.017388	30.451254	0.035187
0.110873	-0.062535	57.702272	0.025742
0.210952	-0.149415	81.580187	0.018024
0.271685	-0.222736	88.743839	0.009226
0.264474	-0.251094	118.527582	0.001689
0.320152	-0.220384	133.344575	-0.009926
0.314785	-0.164720	131.487551	-0.014169
0.275725	-0.126442	149.947023	-0.028567
0.274985	-0.111536	156.113877	-0.037716
0.230948	-0.117717	152.591322	-0.054345
0.175550	-0.137923	151.914165	-0.064837
0.129431	-0.159440	156.290588	-0.073304
0.084768	-0.188085	141.709120	-0.076303
0.015514	-0.200686	145.161425	-0.082310
-0.018381	-0.181828	144.117463	-0.085561
-0.052223	-0.137019	132.802603	-0.090252
-0.093783	-0.083656	132.447685	-0.092585
-0.093096	-0.022910	129.451660	-0.096015
-0.096915	0.033483	127.038075	-0.095506
-0.088925	0.089491	128.163408	-0.099755
-0.081815	0.151924	131.112491	-0.093315
-0.053150	0.232886	125.795133	-0.098947
-0.044909	0.348864	127.282188	-0.064982
-0.033756	0.524061	125.153145	0.061118
-0.023551	0.602699	115.954940	0.098855
-0.039944	0.456378	100.934254	0.107837
-0.074957	0.239220	75.549906	0.113219
-0.161685	0.089108	40.698697	0.111936
-0.263671	-0.032963	61.878965	0.108901
-0.232010	-0.156845	38.398334	0.104644
-0.316644	-0.204439	21.789970	0.097557
-0.333728	-0.129109	25.131375	0.088890
-0.267010	0.007639	10.059954	0.076906
-0.261146	0.094957	11.819844	0.065967
-0.163127	0.108269	28.281497	0.054049
-0.045406	0.071968	41.401007	0.045637
0.057082	0.006222	33.053384	0.033188
0.106212	-0.073749	64.360784	0.027271
0.209341	-0.159731	82.711663	0.018020
0.253052	-0.230748	92.040512	0.010560
0.257353	-0.250612	122.921404	0.002122
0.314095	-0.213462	131.568966	-0.007600
0.293359	-0.157626	134.187278	-0.015427
0.267454	-0.122544	152.036584	-0.028140
0.260494	-0.110896	156.178657	-0.037584
0.212394	-0.121455	154.121563	-0.054874
0.162075	-0.138717	155.871664	-0.065691
0.115127	-0.158287	156.070291	-0.073842
0.069509	-0.187492	141.577025	-0.078682
-0.000951	-0.200397	148.177150	-0.083039
-0.031025	-0.180958	141.893926	-0.086266
-0.072327	-0.135151	133.077330	-0.091837
-0.105433	-0.078527	134.268605	-0.095235
-0.102702	-0.016909	130.952484	-0.096058
-0.108451	0.041078	127.273459	-0.097639
-0.096729	0.098820	128.069723	-0.100500
-0.086987	0.161969	130.833237	-0.096207
-0.055963	0.235961	125.907593	-0.100822
-0.052682	0.341937	129.023329	-0.070758
-0.034977	0.508571	125.133522	0.058030
-0.028693	0.588961	116.948446	0.095978
-0.044320	0.449939	102.285141	0.106190
-0.074232	0.235923	75.691206	0.109699
-0.159027	0.086067	43.322813	0.109800
-0.259065	-0.030693	62.401977	0.104010
-0.230709	-0.151598	39.941955	0.100631
-0.306729	-0.201911	21.056509	0.091564
-0.328487	-0.130927	26.788640	0.083259
-0.261991	0.002923	11.633689	0.072470
-0.250475	0.087582	13.329609	0.058923
-0.162340	0.098325	27.818236	0.048595
-0.043718	0.060194	42.778328	0.040647
0.060511	-0.001736	34.756262	0.030870
0.106642	-0.079129	65.548354	0.023407
0.207148	-0.160508	85.027291	0.016270
0.258452	-0.224939	95.249219	0.007342
0.258027	-0.241077	123.708483	0.000289
0.315900	-0.206188	135.564393	-0.010083
0.303032	-0.156312	135.152256	-0.018048
0.268243	-0.124836	154.646267	-0.030052
0.264089	-0.114024	157.528452	-0.040022
0.215503	-0.125133	156.692091	-0.055633
0.161383	-0.144458	155.679006	-0.065709
0.112396	-0.164011	158.476351	-0.075124
0.070563	-0.187250	141.152121	-0.080013
-0.002774	-0.198474	148.058021	-0.084321
-0.033458	-0.179335	141.932199	-0.087429
-0.070822	-0.134139	133.384612	-0.091905
-0.106595	-0.079219	133.419037	-0.094864
-0.100047	-0.018282	130.674486	-0.096184
-0.099456	0.038089	125.424055	-0.098638
-0.089686	0.092909	129.175884	-0.098143
-0.074339	0.156887	131.137804	-0.095585
-0.045118	0.233899	128.068993	-0.097486
-0.038162	0.337693	129.591677	-0.073997
-0.018196	0.498940	127.383106	0.052314
-0.012313	0.588518	117.950566	0.098016
-0.026655	0.460940	105.343005	0.106847
-0.058061	0.246326	80.335270	0.113145
-0.138453	0.090315	45.446451	0.110013
-0.250863	-0.027415	61.568546	0.108930
-0.223603	-0.149292	45.235979	0.102181
-0.290017	-0.203940	20.781267	0.097214
-0.331206	-0.138558	29.694727	0.087221
-0.254414	-0.006212	12.683412	0.075521
-0.249286	0.081412	12.642103	0.061467
-0.167622	0.094974	24.823677	0.050659
-0.048996	0.059424	42.681557	0.042534
0.059187	0.000300	33.031244	0.032675
0.101299	-0.075707	63.163141	0.024741
0.203682	-0.157830	84.487173	0.016695
0.265692	-0.226767	93.221180	0.009545
0.257203	-0.247712	121.163216	0.003118
0.320598	-0.211277	137.242348	-0.009630
0.316819	-0.157395	134.305207	-0.015651
0.279043	-0.125455	154.680652	-0.028703
0.283637	-0.114879	157.842993	-0.037442
0.232921	-0.125141	156.462687	-0.055713
0.181507	-0.144395	155.430345	-0.063266
0.131353	-0.166271	159.175426	-0.071113
0.089338	-0.193592	142.935510	-0.075526
0.016610	-0.204697	147.539517	-0.081016
-0.020474	-0.181310	144.510520	-0.085837
-0.053701	-0.133229	133.011616	-0.092026
-0.094566	-0.078364	132.815496	-0.090360
-0.090828	-0.016008	132.134298	-0.094782
-0.090918	0.042525	126.081786	-0.095323
-0.089005	0.098661	129.404102	-0.097135
-0.070042	0.162402	129.304030	-0.092560
-0.048930	0.244330	126.247518	-0.101711
