MBK	ACC	OVV	EGG
0.134551	-0.179379	70.993944	-0.507702
0.303392	-0.173434	127.178639	-0.507313
0.439685	-0.158375	174.612561	-0.511469
0.489394	-0.136409	198.067040	-0.512104
0.436858	-0.118596	196.602567	-0.512655
0.322038	-0.111617	177.406626	-0.516475
0.163004	-0.109353	168.664954	-0.518743
0.007952	-0.096829	156.603324	-0.519206
-0.101977	-0.066777	156.755991	-0.524311
-0.168619	-0.025761	163.059998	-0.523797
-0.173520	0.024591	168.065689	-0.524749
-0.169932	0.089303	170.059345	-0.526306
-0.156832	0.169620	150.767180	-0.526621
-0.182015	0.254088	118.589670	-0.501831
-0.221079	0.334159	70.619298	-0.470129
-0.299105	0.373615	19.597404	-0.458326
-0.395787	0.341213	-34.806181	-0.448536
-0.509407	0.266007	-93.899888	-0.445709
-0.630129	0.190906	-157.620352	-0.441154
-0.660429	0.125816	-188.831054	-0.441790
-0.517157	0.059712	-156.015936	-0.444253
-0.213798	0.008220	-79.198470	-0.443392
0.135355	-0.014342	8.545007	-0.446154
0.438589	-0.014328	52.353684	-0.451698
0.618128	-0.011228	81.400896	-0.452342
0.638682	-0.018142	80.769886	-0.455889
0.577544	-0.035717	70.894431	-0.461117
0.402221	-0.054461	65.731451	-0.464124
0.221057	-0.066482	34.457742	-0.470973
0.004132	-0.080945	13.966028	-0.479411
-0.145208	-0.104699	-3.856655	-0.483635
-0.233464	-0.135806	1.930008	-0.489362
-0.233430	-0.162297	8.621350	-0.493618
-0.173056	-0.175435	16.246419	-0.496761
-0.045411	-0.180167	31.025674	-0.502937
0.117644	-0.179834	65.205218	-0.507245
0.285967	-0.175421	118.654646	-0.506163
0.424934	-0.161680	168.576986	-0.508979
0.487962	-0.142849	196.456973	-0.511332
0.452476	-0.125559	198.715791	-0.512039
0.348120	-0.114842	182.789287	-0.514907
0.191494	-0.104891	172.655008	-0.518624
0.036610	-0.091125	161.714753	-0.518304
-0.085610	-0.068233	160.867168	-0.522365
-0.161345	-0.031022	162.140551	-0.523701
-0.188719	0.019417	163.190757	-0.523229
-0.192185	0.081836	161.844715	-0.525039
-0.181542	0.158139	150.500383	-0.527137
-0.193627	0.239799	122.976329	-0.503066
-0.223391	0.322437	79.187227	-0.470208
-0.287872	0.371079	28.069493	-0.458892
-0.375374	0.345274	-28.862834	-0.446574
-0.483563	0.271441	-87.235265	-0.444419
-0.600107	0.196147	-149.167095	-0.440608
-0.646655	0.133921	-185.658557	-0.439530
-0.517549	0.068115	-155.986789	-0.440681
-0.233837	0.012463	-86.341100	-0.442104
0.107220	-0.014941	2.620616	-0.443703
0.396459	-0.018155	50.051380	-0.449551
0.592203	-0.014720	73.782315	-0.451885
0.610519	-0.021552	80.846966	-0.455201
0.576167	-0.039249	67.281554	-0.459725
0.411756	-0.054989	70.680363	-0.464336
0.240831	-0.063628	39.712366	-0.469816
0.039008	-0.076702	19.875422	-0.479221
-0.117218	-0.102069	3.251223	-0.484070
-0.210362	-0.134502	3.427385	-0.488159
-0.230779	-0.162485	6.965056	-0.494156
-0.181148	-0.177521	11.461681	-0.499172
-0.070975	-0.183285	25.438138	-0.501450
0.095355	-0.181929	61.057471	-0.506487
0.262277	-0.176220	116.202996	-0.506400
0.414491	-0.161100	168.370654	-0.507378
0.482250	-0.141589	195.522244	-0.509852
0.456904	-0.123930	198.082266	-0.511777
0.350374	-0.115830	181.239033	-0.513966
0.201861	-0.109696	170.140480	-0.518117
0.036956	-0.098033	160.937546	-0.518547
-0.078889	-0.071574	158.567182	-0.522205
-0.160807	-0.031762	164.807447	-0.524632
-0.182199	0.017122	166.128801	-0.525941
-0.187138	0.078658	167.725097	-0.525894
-0.179234	0.153760	153.588595	-0.528456
-0.199764	0.240597	122.014826	-0.506524
-0.234438	0.323202	77.244291	-0.471006
-0.298131	0.367970	27.655176	-0.460808
-0.386301	0.342383	-26.161408	-0.448515
-0.494376	0.272313	-86.735140	-0.443850
-0.610739	0.197481	-149.144420	-0.441829
-0.659411	0.131957	-185.811619	-0.440154
-0.535508	0.066693	-158.908735	-0.441658
-0.261061	0.013759	-89.234249	-0.443923
0.090046	-0.011374	-0.795134	-0.444055
0.388729	-0.014725	52.775899	-0.448155
0.592234	-0.013221	75.660549	-0.452444
0.616946	-0.020405	81.413527	-0.454345
0.574855	-0.038085	67.078610	-0.460293
0.409291	-0.056326	67.404662	-0.464973
0.235631	-0.067961	39.120967	-0.469017
0.033752	-0.078081	19.014717	-0.478320
-0.123334	-0.100666	4.831357	-0.485962
-0.215732	-0.133167	4.724887	-0.489827
-0.233064	-0.162414	10.078394	-0.494897
-0.191815	-0.177619	12.911715	-0.497723
-0.079368	-0.182213	24.070507	-0.501672
0.075743	-0.182867	58.530660	-0.505244
0.250894	-0.178935	111.371218	-0.506487
0.398313	-0.163810	166.427412	-0.506783
0.478765	-0.141009	195.968629	-0.509546
0.456178	-0.122020	202.988363	-0.511332
0.359249	-0.113911	185.933695	-0.510071
0.208817	-0.107248	170.460554	-0.515686
0.041833	-0.094918	159.983272	-0.517412
-0.082198	-0.068899	155.943450	-0.519434
-0.168819	-0.029305	161.443534	-0.521476
-0.193691	0.020122	165.335879	-0.523204
-0.198349	0.081111	168.074728	-0.522365
-0.194410	0.157334	154.582840	-0.526445
-0.213741	0.240376	120.029596	-0.503741
-0.253612	0.322079	74.887149	-0.469011
-0.315570	0.366204	23.330496	-0.458955
-0.396919	0.339144	-28.358156	-0.447214
-0.490964	0.269393	-85.800411	-0.441129
-0.600036	0.196339	-145.520321	-0.439850
-0.640508	0.131061	-180.625387	-0.439550
-0.520588	0.063864	-156.492388	-0.438376
-0.249101	0.012515	-89.259568	-0.441247
0.083540	-0.012365	-1.591997	-0.443788
0.389509	-0.016401	50.590823	-0.447156
0.581984	-0.015714	77.866284	-0.451711
0.613765	-0.021846	79.625973	-0.452820
0.565982	-0.037908	70.181171	-0.457568
0.407450	-0.053842	67.367456	-0.464429
0.235342	-0.064673	43.363240	-0.467815
0.038911	-0.076265	20.621190	-0.475847
-0.117187	-0.097148	4.140027	-0.483182
-0.219292	-0.128785	2.304444	-0.488642
-0.234624	-0.157873	6.764747	-0.491442
-0.200383	-0.174553	12.753220	-0.498762
-0.085041	-0.180790	24.048653	-0.500846
0.065627	-0.181352	56.300751	-0.505145
0.238387	-0.177025	109.100488	-0.506997
0.385444	-0.163438	162.212499	-0.506526
0.473342	-0.142537	193.929575	-0.507410
0.454627	-0.122376	202.379465	-0.511199
0.368368	-0.111402	186.791500	-0.510821
0.217794	-0.104699	174.334954	-0.515321
0.055581	-0.092421	162.449573	-0.517176
-0.073247	-0.066476	158.649607	-0.519596
-0.157732	-0.027472	163.437279	-0.522056
-0.190930	0.020337	167.817470	-0.525093
-0.196044	0.080993	167.522988	-0.522356
-0.195030	0.157279	154.875903	-0.526184
-0.215058	0.240170	123.322412	-0.506305
-0.248205	0.321173	78.951717	-0.470654
-0.314171	0.369461	27.751181	-0.458291
-0.394796	0.347831	-25.938634	-0.448264
-0.493836	0.277878	-84.181719	-0.442223
-0.599207	0.203694	-143.913986	-0.439998
-0.652379	0.138671	-180.809940	-0.439444
-0.530049	0.074839	-159.137844	-0.437585
-0.269533	0.022554	-91.848200	-0.441803
0.077901	-0.003696	-5.233534	-0.444629
0.375568	-0.009205	51.105450	-0.445511
0.584308	-0.008364	73.867244	-0.448922
0.610215	-0.015149	83.128775	-0.453868
0.567520	-0.030512	64.179259	-0.456315
0.410049	-0.046308	69.857494	-0.462740
0.237231	-0.056878	43.608844	-0.469054
0.056465	-0.066229	23.845888	-0.474372
-0.114712	-0.085610	9.805395	-0.482813
-0.201083	-0.114755	2.832802	-0.490183
-0.244717	-0.145456	7.506109	-0.492546
-0.201285	-0.164751	6.890921	-0.498114
-0.110676	-0.173039	18.141869	-0.504052
0.051595	-0.173434	49.055178	-0.504665
0.214687	-0.167222	101.728442	-0.508504
0.383690	-0.152413	157.204684	-0.508367
0.474286	-0.131789	194.420536	-0.508630
0.477038	-0.114134	203.218028	-0.511684
0.385408	-0.103796	187.485366	-0.513421
0.240430	-0.096070	172.816082	-0.515116
0.066454	-0.082737	160.389700	-0.518174
-0.057265	-0.058344	152.908141	-0.520666
-0.147947	-0.022172	160.895417	-0.520469
-0.178713	0.024306	167.217067	-0.523931
-0.192349	0.085302	169.206787	-0.522008
-0.194941	0.161058	151.323216	-0.523808
-0.214263	0.242026	122.975613	-0.507228
-0.245758	0.320419	80.266615	-0.470355
-0.300076	0.374315	30.214387	-0.455872
-0.380731	0.359887	-22.132018	-0.448159
-0.468531	0.292522	-79.052944	-0.439737
-0.578752	0.216196	-135.987696	-0.436971
-0.633582	0.150012	-178.583524	-0.438109
-0.533643	0.085040	-159.636758	-0.435641
-0.283948	0.031851	-98.216712	-0.437581
0.051390	0.006076	-13.384348	-0.443106
0.355837	-0.000977	45.751466	-0.443499
0.577699	0.000323	73.414173	-0.446800
0.616664	-0.004870	83.423935	-0.451717
0.582623	-0.018544	66.529683	-0.454494
0.426725	-0.034756	67.931700	-0.459782
0.255357	-0.046791	43.501377	-0.467097
0.066644	-0.057869	23.460541	-0.471103
-0.098335	-0.076288	10.684298	-0.480401
-0.195535	-0.102519	3.470929	-0.486290
-0.227450	-0.133070	7.450172	-0.488497
-0.193146	-0.156317	9.847309	-0.493695
-0.098060	-0.166306	18.206189	-0.500162
0.041548	-0.167040	44.160710	-0.502906
0.206344	-0.163814	92.030220	-0.505886
0.365360	-0.153220	150.964197	-0.507811
0.472540	-0.132721	189.809138	-0.507174
0.481049	-0.112044	206.253088	-0.510779
0.408264	-0.097799	190.734279	-0.512468
0.267716	-0.089811	176.124750	-0.513091
0.095469	-0.079750	162.390908	-0.516998
-0.040655	-0.058548	157.046674	-0.520075
-0.144693	-0.022489	160.741011	-0.520036
-0.184323	0.025107	161.194000	-0.524560
-0.197727	0.083710	164.475847	-0.524697
-0.191143	0.156353	153.657688	-0.524738
-0.204767	0.236690	125.685593	-0.510006
-0.235674	0.317533	83.150360	-0.474510
-0.294891	0.372482	31.839077	-0.457542
-0.375861	0.359210	-21.405846	-0.448532
-0.469340	0.291633	-79.578706	-0.442446
-0.572355	0.213312	-134.729612	-0.438922
-0.635649	0.148187	-176.213020	-0.440420
-0.539224	0.085484	-160.518180	-0.440447
-0.297824	0.032479	-101.210856	-0.441048
0.045204	0.002283	-16.187253	-0.445891
0.346431	-0.006281	44.649877	-0.449027
0.573179	-0.006565	67.493067	-0.450718
0.611784	-0.011634	79.167382	-0.455421
0.579548	-0.025219	61.173912	-0.459424
0.431207	-0.042820	63.759587	-0.463589
0.268228	-0.055723	43.778127	-0.470900
0.086428	-0.066007	26.615879	-0.475449
-0.079953	-0.082934	9.716050	-0.481937
-0.183040	-0.109305	0.514011	-0.490900
-0.227676	-0.141443	3.513266	-0.494331
-0.198456	-0.163176	5.521659	-0.497659
-0.114233	-0.174401	13.126001	-0.505791
0.031743	-0.176024	40.427666	-0.508454
0.192307	-0.173767	88.205921	-0.507826
0.353674	-0.163389	146.220713	-0.512585
0.458794	-0.143902	185.328668	-0.512222
0.477171	-0.122726	201.879814	-0.515009
0.404707	-0.109856	187.616482	-0.518769
0.276707	-0.103913	172.479447	-0.518787
0.105091	-0.095485	160.753296	-0.520954
-0.029241	-0.076245	155.091592	-0.526284
-0.135460	-0.043986	157.415180	-0.524958
-0.172266	0.000432	159.345515	-0.526725
-0.186007	0.057244	165.397458	-0.529236
-0.173297	0.130143	157.179893	-0.529685
-0.186157	0.213059	134.538936	-0.518529
-0.210235	0.297986	92.652700	-0.482763
-0.270736	0.361877	42.810414	-0.463808
-0.356097	0.359934	-12.856172	-0.454873
-0.460339	0.294584	-70.929061	-0.449398
-0.575687	0.214466	-130.003991	-0.443498
-0.660068	0.148797	-180.066928	-0.443761
-0.591588	0.084284	-173.171315	-0.443768
-0.358736	0.023957	-112.938864	-0.443319
-0.019420	-0.009064	-31.037665	-0.448234
0.300756	-0.017537	38.997844	-0.451694
0.551930	-0.016323	66.137546	-0.451884
0.631255	-0.016979	82.039159	-0.457089
0.602701	-0.029578	68.173193	-0.460775
0.480004	-0.046563	67.574836	-0.463731
0.295395	-0.060182	51.305878	-0.470685
0.112740	-0.071603	25.914044	-0.478022
-0.074457	-0.090234	10.008279	-0.482735
-0.187338	-0.117621	2.859259	-0.492259
-0.244790	-0.148081	1.500232	-0.496925
-0.216790	-0.169941	-1.060895	-0.498523
-0.139839	-0.179781	11.871339	-0.504622
0.009078	-0.181490	33.805578	-0.508125
0.169779	-0.178053	80.569457	-0.509050
0.332664	-0.167114	133.554930	-0.513143
0.446672	-0.146532	178.289633	-0.512883
0.474621	-0.124053	200.044474	-0.513622
0.411450	-0.111549	191.109304	-0.517416
0.287402	-0.105723	172.517963	-0.519809
0.117388	-0.094631	159.926403	-0.520490
-0.026503	-0.075083	151.015283	-0.525784
-0.129719	-0.045446	155.553671	-0.526719
-0.177500	-0.003696	159.709703	-0.527360
-0.190011	0.052587	162.653308	-0.530483
-0.187083	0.124479	153.241720	-0.530599
-0.195103	0.208324	130.222916	-0.518252
-0.222515	0.296198	93.905519	-0.482626
-0.273797	0.360973	45.688103	-0.465254
-0.356157	0.358541	-9.755943	-0.453726
-0.463630	0.297689	-71.484985	-0.449858
-0.585421	0.220513	-133.388090	-0.445229
-0.674039	0.152224	-183.274628	-0.444680
-0.603407	0.086214	-174.164190	-0.446325
-0.373357	0.028449	-117.439763	-0.445644
-0.025351	-0.003841	-32.701956	-0.446907
0.301106	-0.012671	36.440955	-0.451829
0.560796	-0.011114	65.885588	-0.453306
0.633188	-0.012401	82.371020	-0.455936
0.611417	-0.026759	64.925403	-0.461716
0.478955	-0.044770	66.031564	-0.464938
0.294878	-0.058487	49.128430	-0.471612
0.108470	-0.067551	25.168772	-0.480886
-0.072636	-0.086114	11.297255	-0.485867
-0.185616	-0.113677	2.426622	-0.493189
-0.239294	-0.143689	5.157379	-0.499006
-0.219971	-0.163610	5.794411	-0.502685
-0.142093	-0.174652	10.026684	-0.507923
-0.001175	-0.178849	34.933191	-0.514197
0.158688	-0.176229	78.546137	-0.513298
0.322061	-0.164625	137.204202	-0.516276
0.437932	-0.144557	177.571080	-0.518296
0.476272	-0.123516	197.536295	-0.516714
0.413629	-0.107520	192.226168	-0.520533
0.297636	-0.097505	175.456451	-0.523234
0.121639	-0.087634	162.170890	-0.523228
-0.018615	-0.071320	151.738942	-0.528082
-0.132210	-0.041212	155.260127	-0.530046
-0.182651	0.001776	158.283433	-0.528933
-0.203729	0.057383	159.968944	-0.532247
-0.196016	0.126875	152.891634	-0.533909
-0.206578	0.210021	131.136358	-0.522337
-0.229051	0.296128	92.988102	-0.488183
-0.278398	0.360673	42.979557	-0.469063
-0.353808	0.360177	-10.683775	-0.456931
-0.455816	0.301604	-68.628774	-0.451871
-0.565589	0.227902	-129.494838	-0.449486
-0.648971	0.160840	-177.225190	-0.445863
-0.584166	0.095461	-171.198517	-0.449436
-0.366986	0.035188	-116.976420	-0.449815
-0.036348	0.001890	-36.966978	-0.450813
0.279743	-0.008014	31.572253	-0.454645
0.537447	-0.007984	61.146452	-0.457998
0.624243	-0.011465	80.580606	-0.460802
0.608445	-0.024016	67.151496	-0.465538
0.488166	-0.037906	65.835724	-0.468832
0.307519	-0.049903	50.019740	-0.473528
0.129115	-0.060075	26.911554	-0.481794
-0.055974	-0.079319	14.578194	-0.487122
-0.173657	-0.108233	2.284298	-0.493217
-0.238655	-0.137927	2.277184	-0.499328
-0.225087	-0.158508	1.683596	-0.502429
-0.152327	-0.169296	10.206461	-0.505542
-0.008243	-0.172968	35.970430	-0.512240
0.155137	-0.170877	80.170751	-0.512724
0.317712	-0.160456	134.557182	-0.514014
0.433414	-0.141293	172.776894	-0.517158
0.469708	-0.120781	192.795660	-0.516907
0.414507	-0.107672	189.046089	-0.518563
0.304663	-0.099527	173.971682	-0.523387
0.141400	-0.087431	165.109571	-0.524364
0.002708	-0.066785	153.875697	-0.524997
-0.106588	-0.035543	156.760914	-0.530789
-0.164193	0.005409	159.742843	-0.529799
-0.187236	0.057089	160.583802	-0.529332
-0.194214	0.125617	152.071618	-0.532914
-0.207021	0.209560	127.508880	-0.523006
-0.234463	0.295466	91.001806	-0.486826
-0.276954	0.361993	45.123145	-0.469860
-0.350264	0.364350	-5.667869	-0.458429
-0.445681	0.306918	-63.858434	-0.450990
-0.562313	0.230751	-128.185252	-0.448837
-0.654140	0.162193	-180.004250	-0.445745
-0.601360	0.094541	-178.141224	-0.447696
-0.385246	0.034236	-122.952350	-0.449121
-0.049494	-0.000961	-40.922349	-0.448509
0.281847	-0.010113	31.756845	-0.452749
0.550613	-0.007668	67.437517	-0.457217
0.644857	-0.009448	83.437053	-0.459642
0.631564	-0.022896	70.431701	-0.464051
0.503029	-0.039548	66.436488	-0.469385
0.318279	-0.052874	46.594845	-0.471934
0.126501	-0.064494	24.619781	-0.480753
-0.058401	-0.082537	10.490323	-0.488005
-0.179303	-0.111474	4.113994	-0.492292
-0.238138	-0.143614	3.089077	-0.497243
-0.221891	-0.166082	5.471082	-0.501113
-0.151554	-0.176362	9.444918	-0.504132
-0.007039	-0.178204	31.573919	-0.510113
0.154661	-0.175843	77.910485	-0.513185
0.330397	-0.164714	133.794709	-0.512857
0.450337	-0.145741	178.378623	-0.516048
0.494946	-0.125468	198.914767	-0.517468
0.434696	-0.112773	191.492072	-0.517117
0.318146	-0.106182	174.752582	-0.521417
0.145083	-0.095621	163.387623	-0.524102
0.001557	-0.074617	153.536392	-0.526520
-0.109655	-0.041013	155.529671	-0.528766
-0.160917	0.000159	160.875555	-0.531787
-0.184251	0.051712	163.560805	-0.531218
-0.188611	0.120843	151.314893	-0.534516
-0.212108	0.203946	127.347952	-0.526171
-0.241606	0.288049	86.641546	-0.488132
