MBK	ACC	OVV	EGG
-0.577749	-0.081823	-99.140108	0.021451
-0.632606	-0.133901	-116.197303	0.017634
-0.614558	-0.151903	-110.097605	0.014028
-0.525044	-0.135406	-87.965397	0.009218
-0.374929	-0.099581	-54.046212	0.005031
-0.188727	-0.063049	-13.105842	0.000194
0.005860	-0.037571	29.391100	-0.001572
0.180161	-0.038281	69.180404	-0.001414
0.306877	-0.064656	100.031571	-0.002094
0.378862	-0.103719	123.489637	-0.003841
0.389712	-0.156179	146.169661	-0.003579
0.355589	-0.203452	160.671245	-0.004053
0.284178	-0.246290	167.636291	-0.005649
0.197479	-0.273119	167.799502	-0.007262
0.110811	-0.283426	160.517594	-0.007054
0.031622	-0.280779	144.546699	-0.009763
-0.029115	-0.264071	128.208453	-0.010539
-0.069398	-0.237954	111.722649	-0.012731
-0.079614	-0.211323	98.847761	-0.015185
-0.062235	-0.176958	92.738681	-0.016372
-0.019610	-0.146745	97.387352	-0.017440
0.049264	-0.112966	110.011876	-0.019831
0.134002	-0.069578	124.006102	-0.019461
0.220419	-0.017565	147.450661	-0.019548
0.298439	0.064624	168.075242	-0.018457
0.349986	0.159278	182.017155	-0.018233
0.366183	0.234069	188.286087	-0.018184
0.341753	0.290241	184.567946	-0.010187
0.272356	0.321878	161.240973	0.002942
0.159123	0.323363	126.639004	0.012802
0.006669	0.274555	77.146104	0.019472
-0.164332	0.184300	25.163169	0.023168
-0.337995	0.086062	-30.177668	0.023976
-0.487144	-0.010173	-73.273083	0.023081
-0.595514	-0.088864	-102.475538	0.020197
-0.640243	-0.133245	-117.132826	0.015725
-0.610512	-0.146584	-107.353828	0.011998
-0.511118	-0.125318	-83.751661	0.007363
-0.352946	-0.086138	-46.392844	0.001931
-0.163378	-0.047833	-5.317634	-0.001226
0.027755	-0.025988	38.194909	-0.003048
0.190944	-0.034152	76.536933	-0.002745
0.308004	-0.060273	106.769450	-0.003860
0.368106	-0.100808	131.116688	-0.002985
0.367564	-0.153504	149.489800	-0.003570
0.318560	-0.200260	161.419654	-0.005128
0.239684	-0.238874	169.058492	-0.005602
0.148214	-0.264147	165.355161	-0.008076
0.061142	-0.271201	155.473469	-0.009684
-0.012658	-0.265196	143.284359	-0.011992
-0.066980	-0.247367	128.303731	-0.013212
-0.095446	-0.221357	107.920896	-0.016056
-0.096183	-0.192658	94.614705	-0.017302
-0.071919	-0.158051	93.906983	-0.019380
-0.021830	-0.127313	98.635129	-0.019724
0.052089	-0.090324	112.701473	-0.020786
0.139055	-0.046037	131.263525	-0.020346
0.229456	0.011319	152.728761	-0.018899
0.305350	0.100068	172.229330	-0.019426
0.352026	0.189874	184.464953	-0.018941
0.362376	0.261716	189.139514	-0.018079
0.330126	0.315196	179.952969	-0.008781
0.252031	0.342599	154.087397	0.004854
0.129193	0.329051	116.131794	0.014063
-0.030077	0.264522	64.421134	0.019073
-0.204741	0.170315	12.412132	0.021560
-0.380758	0.070439	-40.127042	0.022040
-0.522844	-0.024205	-81.745560	0.020761
-0.619693	-0.095735	-110.041331	0.018023
-0.647338	-0.130085	-113.796002	0.013023
-0.600866	-0.132260	-100.923820	0.008976
-0.484942	-0.102089	-71.639590	0.004662
-0.316198	-0.060948	-34.371701	-0.000117
-0.125128	-0.027694	8.075464	-0.002643
0.064371	-0.013241	48.383452	-0.003404
0.223705	-0.025413	83.294208	-0.003991
0.329685	-0.053093	113.555141	-0.003410
0.373844	-0.097788	136.474050	-0.004541
0.363156	-0.152924	153.005429	-0.005695
0.307842	-0.198271	164.279741	-0.005718
0.225301	-0.235397	170.080063	-0.007353
0.133860	-0.253950	164.322116	-0.009653
0.047793	-0.258278	152.005520	-0.010804
-0.019759	-0.252835	138.617137	-0.012956
-0.072278	-0.232413	121.076125	-0.014359
-0.099401	-0.204873	103.644273	-0.017079
-0.097672	-0.174846	93.823415	-0.017969
-0.067501	-0.140889	96.481802	-0.019924
-0.009251	-0.111874	100.501424	-0.021080
0.067658	-0.074277	114.431539	-0.022524
0.155590	-0.027619	138.356098	-0.020442
0.244772	0.034930	158.908223	-0.021124
0.314776	0.126706	176.036919	-0.020573
0.355653	0.212826	191.319806	-0.020529
0.356526	0.280585	190.395433	-0.018745
0.314117	0.329255	177.282531	-0.008711
0.225846	0.347871	149.881573	0.004319
0.095172	0.329545	108.592557	0.012347
-0.067339	0.262412	56.250807	0.018323
-0.244269	0.164620	-0.881970	0.020488
-0.416205	0.066278	-47.334085	0.021084
-0.552785	-0.025218	-86.875096	0.019202
-0.637062	-0.092340	-111.233217	0.016422
-0.651239	-0.122428	-113.069749	0.012425
-0.592898	-0.122560	-97.735990	0.009716
-0.467800	-0.091569	-66.157627	0.004076
-0.293960	-0.053997	-27.640491	-0.001196
-0.102133	-0.020354	17.028288	-0.003037
0.080930	-0.008111	55.651778	-0.004575
0.232504	-0.023304	89.028599	-0.004379
0.330180	-0.055064	120.896750	-0.004064
0.367502	-0.100689	144.502523	-0.004382
0.347224	-0.153285	157.861575	-0.005299
0.286957	-0.197162	167.598224	-0.006908
0.199698	-0.233870	168.780561	-0.008224
0.107648	-0.251194	163.309296	-0.010037
0.020410	-0.253661	150.488763	-0.011853
-0.049087	-0.244750	134.557749	-0.013061
-0.097189	-0.220655	117.206570	-0.013932
-0.117178	-0.193854	103.085644	-0.016268
-0.109190	-0.161627	94.597514	-0.018181
-0.073102	-0.126191	95.209826	-0.019835
-0.008273	-0.094757	105.534736	-0.021047
0.075548	-0.052243	121.184477	-0.021588
0.165828	-0.007401	140.525409	-0.020198
0.251342	0.060306	161.667312	-0.020881
0.315847	0.154948	179.739398	-0.019149
0.353397	0.238769	186.759704	-0.020064
0.348060	0.298735	189.508529	-0.015835
0.300146	0.340490	175.104486	-0.002652
0.208129	0.354624	142.577000	0.007868
0.070975	0.326255	92.122842	0.016291
-0.093438	0.247893	42.791974	0.020740
-0.268431	0.151254	-8.385935	0.022077
-0.434363	0.056266	-61.202158	0.022116
-0.563235	-0.031076	-94.710752	0.019507
-0.635673	-0.088204	-110.061105	0.015725
-0.636247	-0.112791	-107.615326	0.012871
-0.567516	-0.108376	-92.033937	0.009200
-0.433346	-0.073440	-62.053296	0.003681
-0.253354	-0.034730	-20.205035	-0.000558
-0.059006	-0.006872	22.106819	-0.002847
0.119512	-0.002706	62.999910	-0.003879
0.260468	-0.020536	98.045008	-0.003586
0.345975	-0.054204	124.853187	-0.004108
0.374722	-0.103711	148.559467	-0.004903
0.347516	-0.155999	157.526593	-0.005347
0.281419	-0.197473	163.876686	-0.006957
0.192027	-0.231622	167.266757	-0.007607
0.098652	-0.245668	160.907553	-0.009739
0.012741	-0.244974	148.707735	-0.011530
-0.053851	-0.232319	130.442378	-0.012248
-0.100262	-0.206831	113.968178	-0.014778
-0.114923	-0.177956	101.443534	-0.016993
-0.101245	-0.145946	91.857555	-0.018074
-0.057810	-0.111517	97.754891	-0.019127
0.008585	-0.080466	107.051096	-0.020654
0.094186	-0.036122	124.552509	-0.020424
0.185347	0.014712	143.929609	-0.019910
0.271387	0.091639	164.739212	-0.019071
0.329540	0.188587	178.789468	-0.018805
0.359622	0.267832	185.531584	-0.018912
0.347378	0.326800	185.934338	-0.011364
0.291076	0.364003	167.707303	0.003497
0.188143	0.362325	132.838783	0.012606
0.041389	0.315432	84.314194	0.019273
-0.133269	0.223142	29.689579	0.021852
-0.315161	0.121980	-25.575817	0.022772
-0.477853	0.024890	-72.237577	0.022610
-0.598006	-0.055748	-100.696705	0.019623
-0.656648	-0.102997	-112.712659	0.015574
-0.634844	-0.113294	-110.162858	0.012399
-0.541389	-0.093763	-82.278798	0.007772
-0.383927	-0.051334	-43.998242	0.002867
-0.194853	-0.013643	-5.628041	-0.001607
-0.000900	0.009474	36.541236	-0.003412
0.168275	0.004245	74.216209	-0.004039
0.290413	-0.025393	106.249146	-0.003683
0.353478	-0.066073	130.259323	-0.004407
0.355689	-0.119599	149.219079	-0.004212
0.311425	-0.170514	160.943564	-0.005112
0.238536	-0.209600	167.870783	-0.006915
0.150143	-0.236139	167.344087	-0.008223
0.064610	-0.243031	159.092884	-0.010352
-0.016186	-0.238163	144.410011	-0.010787
-0.073071	-0.222405	126.162942	-0.012435
-0.107690	-0.194866	110.166757	-0.015253
-0.115063	-0.164882	97.131956	-0.016976
-0.095495	-0.130779	93.981869	-0.018431
-0.043349	-0.097294	100.233274	-0.019740
0.032485	-0.064736	114.670791	-0.020096
0.126645	-0.020395	134.150877	-0.019990
0.222110	0.032776	154.997206	-0.020038
0.304105	0.114509	171.674070	-0.018059
0.356421	0.206831	182.853338	-0.018883
0.370411	0.275187	188.954509	-0.018868
0.340078	0.327475	181.122572	-0.009074
0.267105	0.355460	158.363591	0.003133
0.148100	0.350708	118.878644	0.012914
-0.006924	0.297963	71.622897	0.018693
-0.178723	0.206932	17.481993	0.020990
-0.350812	0.110277	-33.029407	0.022933
-0.498676	0.016876	-74.199903	0.021356
-0.599702	-0.061865	-105.586378	0.018681
-0.638835	-0.102945	-112.767103	0.015061
-0.602447	-0.110745	-105.333714	0.010363
-0.498122	-0.090516	-78.063884	0.005297
-0.336227	-0.051608	-40.671681	0.000352
-0.147992	-0.019282	6.524512	-0.002813
0.045785	-0.000593	44.892987	-0.004240
0.207982	-0.008064	81.616149	-0.004707
0.323126	-0.035167	115.405337	-0.004630
0.377468	-0.076035	137.545340	-0.004105
0.372492	-0.130522	156.159005	-0.004618
0.318230	-0.176081	161.258176	-0.006435
0.232227	-0.213812	166.159396	-0.007341
0.135765	-0.240357	165.156570	-0.009239
0.044100	-0.244403	157.374481	-0.011145
-0.031933	-0.239397	138.989240	-0.011819
-0.086597	-0.219633	126.241538	-0.014803
-0.116017	-0.190979	108.525770	-0.016637
-0.115198	-0.162189	94.629311	-0.018844
-0.088717	-0.128819	93.739144	-0.020282
-0.032854	-0.096042	102.960359	-0.019435
0.047117	-0.059987	117.356018	-0.020813
0.139574	-0.010040	132.927469	-0.019942
0.231956	0.049965	156.308031	-0.019355
0.310018	0.143138	175.006363	-0.018581
0.358689	0.235397	186.969739	-0.019317
0.370349	0.296880	192.026252	-0.014843
0.334273	0.337979	177.357149	-0.003718
0.253208	0.354746	148.524260	0.008753
0.121023	0.332149	107.586165	0.016482
-0.042322	0.262037	55.769151	0.020778
-0.225328	0.160543	-3.532492	0.023608
-0.399410	0.064681	-50.240816	0.024058
-0.539326	-0.024669	-84.746536	0.023045
-0.624812	-0.088386	-104.990412	0.018968
-0.639804	-0.113730	-107.906754	0.015079
-0.578247	-0.109038	-92.963390	0.010292
-0.451433	-0.078009	-64.955954	0.005285
-0.274478	-0.035407	-23.528101	0.000151
-0.084252	-0.008682	19.410914	-0.002210
0.102156	0.000307	56.121490	-0.002490
0.250081	-0.019234	91.088052	-0.004687
0.346264	-0.053544	121.644111	-0.003351
0.377450	-0.102207	142.631742	-0.003495
0.355506	-0.155189	159.089948	-0.004220
0.289243	-0.197552	162.405635	-0.005330
0.198682	-0.229106	165.365715	-0.007646
0.102730	-0.246396	163.772395	-0.009611
0.013750	-0.244559	153.808765	-0.009296
-0.058629	-0.236098	134.920184	-0.011610
-0.104451	-0.214397	116.183622	-0.014040
-0.126993	-0.186955	102.468175	-0.016242
-0.116247	-0.155972	96.312416	-0.017641
-0.078649	-0.122661	98.634224	-0.018997
-0.010809	-0.088180	107.113294	-0.019918
0.075104	-0.049818	122.101393	-0.020006
0.173788	0.000271	146.274754	-0.020224
0.268444	0.065040	165.836045	-0.017872
0.342508	0.159976	179.725950	-0.018513
0.380970	0.241725	188.182341	-0.018747
0.378872	0.301968	185.818720	-0.014860
0.330524	0.346042	168.252841	-0.002495
0.236608	0.354625	136.038010	0.008245
0.096306	0.317387	96.244459	0.016480
-0.069533	0.242204	41.504453	0.020256
-0.250096	0.143340	-9.675258	0.023023
-0.419061	0.045785	-57.043081	0.023242
-0.549805	-0.041046	-91.053354	0.020858
-0.623613	-0.096639	-108.849203	0.016899
-0.622625	-0.115186	-110.313989	0.013925
-0.548656	-0.105183	-88.038009	0.010607
-0.408536	-0.071310	-54.769603	0.005973
-0.222597	-0.030690	-11.430365	0.001067
-0.028259	-0.006047	30.527325	-0.001399
0.152728	-0.001001	69.682219	-0.003886
0.288696	-0.026286	101.507897	-0.003669
0.369741	-0.065834	128.472320	-0.003909
0.386828	-0.117433	145.475174	-0.004885
0.349227	-0.170114	158.482894	-0.004870
0.272615	-0.211252	167.142684	-0.005982
0.177703	-0.242226	168.149579	-0.007588
0.081833	-0.255603	161.777682	-0.009176
-0.001129	-0.249753	148.634888	-0.011187
-0.064808	-0.237733	132.120393	-0.012890
-0.103181	-0.209910	113.937016	-0.015400
-0.113853	-0.181409	101.112884	-0.016774
-0.093451	-0.149396	97.333265	-0.018931
-0.045289	-0.114727	100.680770	-0.019389
0.028405	-0.080364	112.909185	-0.020949
0.117457	-0.040970	131.011779	-0.019814
0.215312	0.011869	151.500800	-0.018197
0.302901	0.084012	169.296247	-0.017755
0.364917	0.180043	186.519433	-0.018131
0.391168	0.257002	192.628961	-0.017868
0.378182	0.310737	188.626339	-0.010092
0.316933	0.345357	167.473469	0.000984
0.210887	0.350530	132.900022	0.011921
0.059535	0.306304	82.963756	0.017999
-0.112361	0.220400	28.422120	0.022030
-0.295222	0.118069	-23.128033	0.023740
-0.456904	0.027178	-68.184694	0.023092
-0.576728	-0.055787	-99.490344	0.021132
-0.630537	-0.105185	-111.462086	0.017144
-0.612179	-0.116626	-103.827357	0.013537
-0.519932	-0.099901	-81.700420	0.009422
-0.365722	-0.060473	-44.932746	0.003237
-0.172987	-0.024839	-2.514461	-0.001723
0.022713	-0.007623	39.595725	-0.003387
0.199005	-0.010956	77.763766	-0.003591
0.325338	-0.039741	109.750064	-0.003237
0.391598	-0.077921	133.756040	-0.003348
0.392132	-0.129044	149.980002	-0.003886
0.346722	-0.179762	164.545360	-0.004615
0.264837	-0.217157	169.772471	-0.006224
0.169473	-0.243003	169.653426	-0.008221
0.070600	-0.253909	161.006583	-0.008365
-0.013186	-0.248792	145.471933	-0.010044
-0.078331	-0.235526	125.454192	-0.012566
-0.117908	-0.205701	108.844678	-0.014072
-0.130018	-0.175277	96.652571	-0.016800
-0.105745	-0.141860	96.442173	-0.018150
-0.050865	-0.108163	100.739170	-0.018278
0.033584	-0.071704	117.135338	-0.019974
0.129891	-0.027646	136.369679	-0.019527
0.232765	0.029669	155.114510	-0.018338
0.318900	0.109941	173.587676	-0.018824
0.379395	0.205854	185.094651	-0.017803
0.398361	0.275802	189.184154	-0.015902
0.373637	0.326551	180.192482	-0.004611
0.299161	0.352584	154.739049	0.007707
0.184372	0.337824	118.641816	0.016433
0.024723	0.273102	66.193099	0.020605
-0.151813	0.175512	13.865167	0.023998
-0.336556	0.072048	-39.588008	0.023982
-0.490376	-0.018995	-80.352947	0.023344
-0.599916	-0.092960	-106.166069	0.019730
-0.633662	-0.123894	-110.665645	0.016743
-0.591557	-0.119843	-97.921886	0.013495
-0.470716	-0.091613	-66.772453	0.008105
-0.297368	-0.048643	-26.253468	0.004094
-0.095511	-0.013143	16.599498	0.000864
0.097593	-0.001140	56.664886	-0.001846
0.260370	-0.012880	91.253857	-0.003121
0.359745	-0.051794	118.162508	-0.003019
0.400057	-0.096271	138.062317	-0.003668
0.376407	-0.151509	153.292200	-0.003819
0.312775	-0.198583	163.970197	-0.005121
0.217191	-0.233526	168.839142	-0.005670
0.120563	-0.254733	166.939149	-0.007740
0.028127	-0.256804	156.508920	-0.008753
-0.044971	-0.243035	140.356981	-0.010490
-0.100882	-0.223567	119.021758	-0.012739
-0.127264	-0.191252	105.680539	-0.014657
-0.129411	-0.165359	95.810883	-0.016486
-0.093627	-0.132096	96.537218	-0.017817
-0.033768	-0.099909	105.304517	-0.019172
0.058517	-0.062049	124.286275	-0.020021
0.156775	-0.018960	142.271483	-0.019010
0.260473	0.040794	163.471549	-0.017592
0.340105	0.124539	181.376500	-0.016478
0.393307	0.219948	192.346973	-0.018557
0.397077	0.281304	191.548091	-0.016555
0.360172	0.328209	180.605522	-0.005167
0.269645	0.348042	152.006162	0.007340
0.140331	0.331073	109.541727	0.015950
-0.027332	0.262367	57.894088	0.021001
-0.199080	0.169891	5.786390	0.023867
-0.375540	0.071020	-45.759801	0.023446
-0.514971	-0.013975	-83.118914	0.022299
-0.611055	-0.088659	-106.197140	0.018554
-0.631195	-0.114151	-110.117419	0.014786
-0.584479	-0.114129	-98.227316	0.011140
-0.461679	-0.085026	-61.707448	0.005422
-0.293985	-0.047532	-23.666390	0.001433
-0.091180	-0.015224	22.331876	-0.002726
0.094120	-0.009861	61.546551	-0.003877
0.255210	-0.022611	98.330559	-0.003870
0.349954	-0.061980	123.103866	-0.002913
0.392979	-0.102170	142.367777	-0.003698
0.360816	-0.161022	158.765219	-0.004806
0.297322	-0.200498	167.977087	-0.006091
0.193569	-0.236952	167.575584	-0.007271
0.098421	-0.251172	167.765084	-0.008294
-0.003678	-0.255518	153.680713	-0.009999
-0.070420	-0.239339	136.692804	-0.011364
-0.129791	-0.227284	117.730640	-0.013772
-0.141836	-0.189745	105.880561	-0.015634
-0.146021	-0.167123	95.461449	-0.016628
-0.092283	-0.123424	99.952492	-0.018315
-0.037910	-0.097203	106.013756	-0.019349
0.069073	-0.048230	128.533458	-0.020261
0.154286	-0.011863	142.765115	-0.019466
0.276715	0.067843	172.399716	-0.018840
0.328206	0.141931	179.066344	-0.018495
0.402547	0.251022	197.823870	-0.019135
0.354632	0.274898	184.781794	-0.014001
0.383762	0.374007	192.981883	-0.001857
