MBK	ACC	OVV	EGG
-0.097783	0.328571	11.117269	0.108860
-0.286917	0.294422	-14.561121	0.130957
-0.485555	0.237520	-42.438127	0.146886
-0.601988	0.172446	-56.217732	0.157164
-0.678975	0.111984	-23.811153	0.160850
-0.770596	0.057121	35.688142	0.170252
-0.668683	0.011973	77.848375	0.163549
-0.281392	-0.013094	83.059327	0.152292
0.157986	-0.019473	63.648826	0.132441
0.429101	-0.005896	45.800594	0.112586
0.437734	0.014178	34.713770	0.091646
0.347026	0.024829	21.455865	0.069362
0.285536	0.025494	13.228129	0.047386
0.156059	0.018666	14.180462	0.032465
0.003776	0.011871	26.102720	0.018840
-0.086787	0.000734	45.008881	0.006321
-0.119129	-0.017436	65.189065	-0.004803
-0.067175	-0.042280	74.612490	-0.017254
0.019888	-0.068161	76.144800	-0.030938
0.124926	-0.097109	77.082960	-0.043535
0.223399	-0.122863	77.559167	-0.053098
0.256003	-0.138986	77.162054	-0.061619
0.263551	-0.146536	72.113992	-0.066030
0.256267	-0.146696	72.990319	-0.070672
0.203819	-0.145405	80.932668	-0.074315
0.180269	-0.140410	95.220332	-0.080123
0.198531	-0.131958	107.357720	-0.084119
0.259009	-0.120661	114.799874	-0.090951
0.333651	-0.112726	119.808895	-0.094513
0.321046	-0.116968	124.058417	-0.100959
0.264700	-0.124000	124.652081	-0.103041
0.191919	-0.120003	123.645119	-0.107912
0.101554	-0.112294	123.876175	-0.107900
0.033807	-0.098923	128.648621	-0.110593
0.000603	-0.081674	124.241569	-0.107526
0.025710	-0.056999	118.888809	-0.109342
0.064719	-0.017390	115.330495	-0.102609
0.028988	0.040396	116.132810	-0.102263
0.002486	0.108667	116.547687	-0.090513
-0.010960	0.169079	107.068807	-0.095384
-0.002141	0.233150	82.580173	-0.020784
-0.021791	0.299468	45.556932	0.079356
-0.136741	0.322949	14.785039	0.106460
-0.316791	0.292248	-7.339816	0.128637
-0.498110	0.238568	-36.545812	0.143720
-0.587610	0.175164	-58.981341	0.155072
-0.645575	0.112769	-27.960156	0.166740
-0.756653	0.054965	30.286456	0.172084
-0.683599	0.013060	75.723287	0.162446
-0.304228	-0.008802	82.243252	0.150599
0.109988	-0.016369	70.032036	0.131774
0.401392	-0.007161	46.672610	0.112960
0.442953	0.011081	32.608181	0.090992
0.382715	0.022661	19.129485	0.069705
0.307398	0.025746	13.511002	0.045664
0.147154	0.021600	17.628320	0.030069
-0.007163	0.010374	26.522095	0.016358
-0.067368	-0.004223	42.705240	0.003294
-0.093241	-0.022982	61.290699	-0.007487
-0.045405	-0.045387	73.962833	-0.020914
0.015221	-0.071333	77.579625	-0.032341
0.093324	-0.099262	78.314450	-0.045757
0.205693	-0.122319	77.885348	-0.056099
0.263341	-0.141188	80.229704	-0.063430
0.275166	-0.150991	77.118969	-0.068309
0.255314	-0.151268	74.266957	-0.072667
0.203343	-0.146489	79.112451	-0.075190
0.175636	-0.139568	95.609948	-0.081758
0.183755	-0.132158	108.670133	-0.086757
0.251470	-0.125111	116.514280	-0.092067
0.351124	-0.118196	118.967440	-0.096230
0.339101	-0.115434	122.690563	-0.102095
0.256525	-0.114748	126.539971	-0.103969
0.160165	-0.115069	127.684327	-0.107675
0.073666	-0.111567	124.860487	-0.106523
0.036271	-0.096912	122.393585	-0.109894
0.017200	-0.075494	119.395648	-0.107579
0.014530	-0.051693	119.875161	-0.108257
0.026063	-0.014799	116.894220	-0.100939
0.014910	0.040884	114.390699	-0.100801
0.008682	0.109137	113.236899	-0.089554
-0.009809	0.175162	107.193583	-0.095103
-0.025515	0.239047	85.614892	-0.019430
-0.040338	0.305109	50.348746	0.082826
-0.129183	0.329344	10.879498	0.107092
-0.309086	0.294948	-16.175574	0.127122
-0.505776	0.235960	-43.638585	0.139789
-0.639643	0.168546	-59.586610	0.152181
-0.693004	0.104521	-26.564038	0.150336
-0.797661	0.049685	34.077421	0.151669
-0.720391	0.009755	81.674863	0.151281
-0.329988	-0.014364	87.626897	0.140976
0.099427	-0.018103	67.024652	0.123973
0.411120	-0.004354	42.504941	0.106461
0.436366	0.013856	31.645703	0.085313
0.328780	0.025439	16.207934	0.065221
0.246349	0.028311	11.322374	0.044700
0.099214	0.022108	14.940936	0.029588
-0.063802	0.013613	29.928354	0.016548
-0.119199	-0.002723	46.379083	0.005539
-0.135999	-0.023488	64.324870	-0.006376
-0.059385	-0.043779	72.301562	-0.017865
0.010416	-0.071267	77.367418	-0.030135
0.085544	-0.100577	80.203087	-0.043472
0.190227	-0.121636	79.334577	-0.054008
0.264612	-0.135850	79.405258	-0.061517
0.274628	-0.144893	75.410799	-0.068776
0.235109	-0.147391	72.748589	-0.073859
0.162636	-0.145144	76.093367	-0.077332
0.139210	-0.136067	90.765174	-0.084096
0.140383	-0.126361	107.052513	-0.088737
0.195011	-0.116812	121.177356	-0.093583
0.295739	-0.113630	123.484582	-0.098596
0.321438	-0.118148	122.262197	-0.103208
0.268382	-0.119750	121.131088	-0.105344
0.157985	-0.116099	123.392604	-0.108611
0.036220	-0.111504	125.997664	-0.108583
-0.022564	-0.100082	126.472854	-0.111031
-0.008769	-0.084061	120.089909	-0.108994
0.027599	-0.058791	116.424007	-0.109609
0.040138	-0.018614	115.656732	-0.103988
0.001223	0.039838	118.447737	-0.103707
-0.026414	0.106833	119.188246	-0.092379
-0.017368	0.164177	108.888413	-0.096389
-0.001263	0.220926	82.917265	-0.044333
-0.021255	0.291903	47.953639	0.066639
-0.126572	0.326322	18.136455	0.100702
-0.317301	0.303061	-0.703531	0.121715
-0.504754	0.246043	-30.467247	0.136710
-0.588196	0.179645	-58.426654	0.149299
-0.638549	0.122646	-38.710898	0.150274
-0.772945	0.066365	22.791653	0.148479
-0.764566	0.020009	74.179872	0.138842
-0.432259	-0.005085	83.736838	0.129102
0.030658	-0.016329	66.249306	0.109442
0.354110	-0.012765	48.944778	0.091068
0.404296	0.003603	37.817322	0.075529
0.346248	0.018189	24.407174	0.061800
0.286704	0.022541	17.263209	0.047800
0.146658	0.020427	18.412016	0.035262
-0.006971	0.012132	27.028153	0.023815
-0.074554	-0.001386	42.122949	0.012191
-0.078156	-0.018938	59.421344	-0.000524
-0.042534	-0.040392	71.149823	-0.011392
-0.009419	-0.065530	76.390076	-0.025224
0.053010	-0.094527	77.862004	-0.037574
0.158115	-0.118793	79.505928	-0.046569
0.237393	-0.135617	83.344937	-0.055716
0.277638	-0.144868	81.186590	-0.061231
0.277619	-0.149249	76.307852	-0.066200
0.236471	-0.148241	75.523109	-0.069943
0.196358	-0.142555	88.605944	-0.075083
0.171932	-0.134091	106.229146	-0.078364
0.212216	-0.122497	119.578262	-0.084081
0.303218	-0.115215	124.420345	-0.088232
0.333382	-0.116306	125.772005	-0.093058
0.275255	-0.121164	123.528166	-0.094817
0.173000	-0.116703	123.856059	-0.098013
0.054305	-0.106881	125.499696	-0.098969
-0.023447	-0.094838	129.766205	-0.100380
-0.028834	-0.079750	126.818773	-0.097279
0.014639	-0.057113	119.243346	-0.099214
0.067455	-0.018447	111.787161	-0.092391
0.028313	0.045208	115.669305	-0.092089
-0.040405	0.117664	117.279569	-0.081734
-0.065648	0.179728	111.501554	-0.086888
-0.045776	0.241171	83.150426	-0.024608
-0.047294	0.308961	42.568094	0.084742
-0.123581	0.339216	9.043166	0.113634
-0.343508	0.306298	-11.799610	0.135061
-0.546460	0.243136	-39.413048	0.149303
-0.646565	0.169698	-63.742346	0.159955
-0.700034	0.104045	-34.230608	0.158520
-0.799782	0.050426	30.862177	0.156940
-0.749106	0.007304	85.258216	0.150685
-0.346853	-0.018821	90.387722	0.140130
0.133298	-0.023783	66.805951	0.120289
0.435183	-0.012674	40.354889	0.099983
0.440276	0.006361	32.215170	0.078005
0.320586	0.018607	22.033096	0.061880
0.252241	0.021261	15.506515	0.047241
0.139420	0.016084	15.107620	0.033880
-0.020170	0.006748	26.043007	0.020809
-0.096350	-0.005000	46.558051	0.011329
-0.113420	-0.025692	68.083033	0.000107
-0.047171	-0.051937	77.538858	-0.012082
0.039643	-0.075504	77.753992	-0.025147
0.115740	-0.098798	76.272055	-0.036900
0.209867	-0.121244	81.752764	-0.047685
0.249744	-0.139163	85.406200	-0.055198
0.259545	-0.146257	78.358368	-0.059287
0.254361	-0.147360	69.484153	-0.064716
0.179240	-0.145822	74.867392	-0.068837
0.119775	-0.136495	91.379095	-0.073901
0.124019	-0.126212	109.401413	-0.078915
0.198126	-0.120229	120.851926	-0.085762
0.301639	-0.113968	123.826064	-0.089517
0.323183	-0.114850	122.664630	-0.094728
0.266535	-0.115828	124.218510	-0.097749
0.166534	-0.113658	123.549260	-0.101074
0.053738	-0.106527	124.657388	-0.102144
-0.007550	-0.097147	122.312852	-0.103966
-0.013604	-0.085233	118.672371	-0.101368
0.018706	-0.059237	115.333295	-0.102573
0.042145	-0.015176	117.038903	-0.097191
0.017660	0.040064	121.240987	-0.095691
-0.015951	0.110342	120.538929	-0.084251
0.000952	0.172853	106.266687	-0.088439
0.030781	0.236127	80.873155	-0.022679
-0.005539	0.307733	46.580222	0.085974
-0.122566	0.332850	13.224089	0.114018
-0.305720	0.301850	-11.257728	0.136458
-0.502311	0.240631	-43.701912	0.149246
-0.617325	0.168173	-64.798342	0.161929
-0.698672	0.106544	-31.518731	0.159677
-0.831406	0.052412	32.737013	0.161832
-0.743196	0.008502	82.715449	0.158176
-0.342900	-0.012961	89.070910	0.148555
0.120320	-0.021673	67.920179	0.129332
0.438958	-0.010755	43.376893	0.110171
0.437271	0.010355	32.045381	0.086920
0.337215	0.022948	19.865891	0.065329
0.248279	0.022716	13.384648	0.049856
0.094211	0.015351	12.080315	0.036874
-0.040810	0.006085	24.042780	0.024187
-0.116501	-0.008951	46.165206	0.013429
-0.145781	-0.027837	69.160780	0.002655
-0.079360	-0.046148	78.542058	-0.008769
-0.004446	-0.072703	79.861477	-0.022480
0.106070	-0.101614	78.531033	-0.034625
0.204512	-0.125218	76.592247	-0.043184
0.251157	-0.140857	80.021106	-0.050418
0.270736	-0.145303	77.070190	-0.055333
0.225848	-0.149264	74.380359	-0.060451
0.161392	-0.149259	77.186322	-0.063945
0.145224	-0.140165	90.926752	-0.069959
0.153923	-0.129529	107.276878	-0.074342
0.227595	-0.121080	121.682858	-0.078817
0.297165	-0.117060	125.917012	-0.083482
0.308925	-0.117280	124.900285	-0.088050
0.264504	-0.116772	123.572643	-0.091078
0.150164	-0.115308	127.492319	-0.095326
0.038322	-0.107763	127.854092	-0.095412
-0.015052	-0.096122	124.482086	-0.097587
-0.019001	-0.079237	117.405416	-0.095135
0.010297	-0.052702	113.849545	-0.095528
0.011557	-0.011788	114.511472	-0.089626
-0.012314	0.049025	118.801067	-0.089340
-0.023784	0.118016	116.623014	-0.077219
-0.021046	0.184338	107.216314	-0.082754
-0.019413	0.252006	78.678573	-0.004467
-0.052069	0.320909	42.308762	0.098535
-0.155138	0.336171	5.538081	0.123148
-0.350428	0.297886	-19.358319	0.144209
-0.529009	0.237698	-51.467042	0.157199
-0.648943	0.167728	-63.987730	0.167462
-0.731872	0.099462	-24.606161	0.170941
-0.843800	0.041674	38.988700	0.175602
-0.717770	0.000318	80.011776	0.164435
-0.304123	-0.021681	87.361969	0.151354
0.147257	-0.026037	66.883354	0.131549
0.428219	-0.012574	46.385426	0.110933
0.449141	0.009547	32.246802	0.088153
0.358287	0.021600	18.044528	0.066842
0.272469	0.023333	11.464206	0.049132
0.096555	0.017221	11.232243	0.037209
-0.060751	0.005268	25.476166	0.024337
-0.138464	-0.012452	44.641144	0.012913
-0.155881	-0.031830	66.491371	0.001582
-0.097926	-0.053662	77.945870	-0.009818
-0.009907	-0.078214	83.736425	-0.023011
0.100733	-0.105072	83.761413	-0.036486
0.214795	-0.124799	82.128773	-0.045861
0.269286	-0.138508	78.032821	-0.053302
0.266163	-0.146250	72.348620	-0.059159
0.207801	-0.147968	69.065363	-0.064576
0.124664	-0.142899	75.098034	-0.067765
0.088199	-0.135299	91.773050	-0.072661
0.096120	-0.130667	109.979946	-0.076551
0.173225	-0.124993	119.841457	-0.081827
0.270643	-0.115720	122.957559	-0.086073
0.274954	-0.115429	126.083080	-0.091335
0.206431	-0.119373	130.629387	-0.093996
0.106495	-0.119231	128.282116	-0.097305
0.032420	-0.111364	122.527919	-0.097733
-0.017493	-0.097647	120.217684	-0.100017
-0.058794	-0.080730	119.221586	-0.097913
-0.050169	-0.054486	117.406578	-0.098820
-0.019743	-0.012911	115.687676	-0.092905
-0.025303	0.047339	116.400595	-0.092400
-0.046121	0.117894	117.612103	-0.081119
-0.063105	0.181706	108.365504	-0.086214
-0.043018	0.249516	80.877996	-0.008861
-0.061358	0.317552	42.882369	0.094680
-0.164914	0.338233	9.001639	0.118135
-0.378758	0.298538	-18.669086	0.140931
-0.571971	0.232972	-49.953073	0.153071
-0.676356	0.166073	-69.117232	0.165053
-0.766494	0.103984	-28.418994	0.168532
-0.887402	0.044061	38.367058	0.175369
-0.776949	-0.001308	83.322685	0.165155
-0.327877	-0.021906	82.916523	0.153937
0.143420	-0.025568	67.754743	0.133665
0.401222	-0.009767	48.608648	0.114676
0.389391	0.013015	37.473874	0.090588
0.325224	0.025590	19.083161	0.070118
0.250895	0.023180	10.660834	0.048769
0.088437	0.017791	9.012946	0.037347
-0.092610	0.009163	22.918409	0.024343
-0.179350	-0.004743	45.218982	0.013390
-0.194448	-0.027005	67.717155	0.001521
-0.125197	-0.053644	77.259443	-0.009146
-0.034902	-0.080359	78.510758	-0.022128
0.084082	-0.103929	78.270248	-0.034383
0.173024	-0.125176	83.260607	-0.044679
0.222488	-0.139458	84.310277	-0.052260
0.249378	-0.149161	73.892593	-0.057311
0.238860	-0.151804	65.664087	-0.061431
0.169029	-0.148660	71.596935	-0.065807
0.096951	-0.137989	91.573398	-0.070393
0.093875	-0.126952	110.579743	-0.075931
0.177176	-0.119239	120.841446	-0.081712
0.287739	-0.114505	122.242059	-0.086348
0.304626	-0.114411	122.396259	-0.091291
0.241671	-0.115671	123.274999	-0.094859
0.126992	-0.111391	123.642442	-0.098917
0.011218	-0.105129	123.465169	-0.099853
-0.051268	-0.092481	120.480566	-0.102489
-0.055168	-0.080193	115.235838	-0.099827
-0.022296	-0.056423	112.023250	-0.100545
-0.000480	-0.014205	111.717832	-0.095613
-0.036194	0.042370	115.126149	-0.096004
-0.054839	0.109651	117.208264	-0.085182
-0.059304	0.174055	107.137577	-0.091012
-0.032854	0.237152	83.115345	-0.018771
-0.050020	0.305445	47.774228	0.089473
-0.154194	0.329392	12.704478	0.115043
-0.339043	0.298424	-14.440818	0.139511
-0.537366	0.241964	-44.928804	0.152277
-0.672285	0.167430	-65.387692	0.164890
-0.737751	0.101609	-32.130441	0.174271
-0.865666	0.045485	28.957983	0.177492
-0.780243	0.003329	79.238690	0.164798
-0.382817	-0.023282	87.198849	0.153317
0.057840	-0.030603	71.208491	0.131983
0.387056	-0.016888	47.630954	0.113064
0.418316	0.007088	38.841796	0.089979
0.329519	0.020774	21.990691	0.069515
0.262030	0.024908	15.278896	0.044943
0.109124	0.016617	8.441845	0.031092
-0.053859	0.004989	18.699458	0.018113
-0.150466	-0.009807	37.290984	0.006800
-0.209185	-0.029000	64.924421	-0.004904
-0.134978	-0.050015	78.315556	-0.016033
-0.049939	-0.074820	84.457327	-0.029103
0.080411	-0.099517	80.187718	-0.040818
0.210628	-0.120265	79.860191	-0.052729
0.255672	-0.137860	79.751485	-0.060665
0.260285	-0.148590	71.504224	-0.067148
0.225207	-0.154984	66.537247	-0.070842
0.139513	-0.155034	73.776801	-0.076203
0.101760	-0.143749	90.075336	-0.080215
0.093918	-0.131134	112.958464	-0.084955
0.175834	-0.121173	126.432295	-0.089877
0.298005	-0.114378	125.665356	-0.094888
0.326899	-0.114671	119.066658	-0.097773
0.259060	-0.118568	117.868469	-0.101310
0.122814	-0.115570	121.455523	-0.104458
-0.007390	-0.108467	124.124043	-0.106255
-0.060290	-0.101774	125.410417	-0.107411
-0.056004	-0.087499	122.691920	-0.105549
-0.009583	-0.061921	114.601211	-0.107275
0.034477	-0.016194	113.406607	-0.101589
0.008198	0.047478	119.003418	-0.099931
-0.019203	0.118591	119.375838	-0.089449
-0.005374	0.182288	106.794895	-0.091774
0.007836	0.250643	76.223264	-0.006594
-0.016526	0.324875	37.967552	0.095708
-0.145875	0.342279	7.130483	0.118551
-0.366971	0.300008	-16.268616	0.143567
-0.547835	0.235330	-53.156333	0.155609
-0.644106	0.161749	-73.553453	0.170132
-0.722021	0.091855	-29.018483	0.180523
-0.846821	0.033635	40.392848	0.181634
-0.710075	-0.008698	86.533378	0.168281
-0.245282	-0.032599	89.445899	0.154728
0.211045	-0.036460	69.079611	0.134307
0.480308	-0.018858	45.395809	0.113634
0.475842	0.007438	34.780339	0.091016
0.383241	0.022572	20.071441	0.070295
0.302310	0.025122	11.499425	0.045550
0.139038	0.018012	8.531034	0.029968
-0.035919	0.006787	20.551133	0.016717
-0.125162	-0.008119	43.041335	0.006146
-0.163824	-0.028974	68.708401	-0.005112
-0.109208	-0.051204	80.098020	-0.015876
-0.005111	-0.075452	82.769083	-0.027738
0.120073	-0.102275	79.870018	-0.040431
0.237011	-0.125248	80.053672	-0.052786
0.284482	-0.140182	77.559924	-0.061123
