MBK	ACC	OVV	EGG
0.286046	-0.163632	67.142519	0.000391
0.130182	-0.204101	52.507130	-0.001407
0.008798	-0.235590	49.227644	-0.003357
-0.065770	-0.247066	44.308872	-0.005928
-0.095292	-0.236792	40.424013	-0.008673
-0.090142	-0.210771	42.228955	-0.011220
-0.061001	-0.174915	61.193463	-0.013269
-0.005956	-0.149639	96.150527	-0.016312
0.077461	-0.130593	143.506342	-0.018174
0.180490	-0.115258	187.071334	-0.020408
0.282758	-0.106874	216.630269	-0.021482
0.358462	-0.097970	232.876961	-0.021155
0.386804	-0.087195	239.229140	-0.020243
0.356765	-0.056396	234.409080	-0.019962
0.272632	-0.000871	218.274558	-0.018132
0.154703	0.053641	201.260362	-0.018740
0.027014	0.124902	181.222701	-0.017659
-0.094476	0.210027	149.456117	-0.018238
-0.204349	0.293320	106.431331	-0.013357
-0.302220	0.371198	59.891721	-0.000718
-0.377056	0.423588	11.385849	0.010233
-0.436570	0.412180	-33.961891	0.017836
-0.468619	0.333009	-73.105383	0.021808
-0.482750	0.214865	-113.938889	0.023717
-0.492367	0.091971	-138.072554	0.021135
-0.484452	-0.023835	-132.879397	0.019441
-0.430372	-0.103953	-87.100502	0.015368
-0.311030	-0.132424	-11.270303	0.010767
-0.123480	-0.125717	68.675355	0.006966
0.105852	-0.089681	132.433254	0.004404
0.317784	-0.047685	162.899667	0.003524
0.467422	-0.027606	164.287134	0.002779
0.524717	-0.036880	145.897532	0.002077
0.483690	-0.074633	116.579918	0.002035
0.373393	-0.124144	88.017473	0.000617
0.228209	-0.172627	69.232375	-0.001204
0.090563	-0.213149	59.022773	-0.002119
-0.013706	-0.234924	54.761565	-0.004518
-0.072803	-0.238960	49.651556	-0.007730
-0.094446	-0.224467	48.231333	-0.010263
-0.087737	-0.192677	53.342541	-0.012398
-0.057523	-0.165122	74.554402	-0.015321
-0.002860	-0.138316	111.566525	-0.017638
0.078052	-0.117535	153.360930	-0.020714
0.174522	-0.107966	192.377320	-0.022015
0.267652	-0.099980	218.781279	-0.020254
0.332599	-0.093735	232.662083	-0.020978
0.348790	-0.071530	233.072904	-0.020491
0.311457	-0.019728	226.936451	-0.019528
0.227196	0.037001	215.593494	-0.018198
0.119950	0.103796	199.028910	-0.016864
0.007018	0.178861	172.182002	-0.017250
-0.103275	0.255532	132.522286	-0.016914
-0.216431	0.338523	82.616470	-0.005206
-0.321676	0.403345	27.105935	0.006583
-0.411523	0.418240	-18.695539	0.015756
-0.473859	0.361212	-61.955660	0.021599
-0.503483	0.256193	-104.161999	0.023668
-0.522425	0.138111	-140.056976	0.023698
-0.520582	0.017920	-148.674504	0.021781
-0.481910	-0.076688	-118.375947	0.017319
-0.378705	-0.123801	-50.333053	0.013784
-0.199454	-0.130889	37.407533	0.009304
0.030911	-0.100089	111.777364	0.007019
0.270425	-0.053462	159.050214	0.007117
0.456495	-0.021586	173.550042	0.005870
0.556437	-0.016590	163.372450	0.003236
0.550396	-0.046220	131.200645	0.003438
0.452435	-0.092647	97.261825	0.000701
0.300584	-0.144675	69.192736	-0.001483
0.134376	-0.195752	52.174943	-0.002186
-0.000505	-0.225959	44.644998	-0.004310
-0.088321	-0.243139	41.121644	-0.007262
-0.126599	-0.237365	37.836802	-0.010150
-0.124574	-0.211722	37.326482	-0.012328
-0.094936	-0.179359	53.670497	-0.014043
-0.036886	-0.147423	91.014488	-0.016187
0.047610	-0.123666	136.166609	-0.018664
0.152680	-0.110672	178.827562	-0.021280
0.260286	-0.098206	214.059446	-0.021725
0.340945	-0.095876	229.347189	-0.022450
0.377572	-0.089782	235.934094	-0.021904
0.352900	-0.059929	231.216548	-0.021785
0.275338	-0.010318	219.717025	-0.021328
0.161721	0.050661	205.749674	-0.019903
0.033389	0.122862	184.738594	-0.019043
-0.086980	0.209596	155.898355	-0.020728
-0.198121	0.302770	112.138690	-0.016233
-0.298186	0.376399	65.947431	-0.004148
-0.382292	0.426184	14.250161	0.007281
-0.452026	0.415199	-36.056568	0.016727
-0.496426	0.334201	-79.489462	0.019988
-0.519005	0.220221	-117.138183	0.021982
-0.525695	0.093244	-141.575724	0.020570
-0.508462	-0.018147	-133.178138	0.017668
-0.444028	-0.095981	-87.253848	0.014469
-0.313382	-0.126913	-12.071389	0.010306
-0.122840	-0.114857	67.905474	0.007525
0.107979	-0.077987	130.060253	0.005361
0.318241	-0.037744	162.494947	0.004483
0.466175	-0.011160	167.636404	0.003044
0.523049	-0.022202	146.431044	0.001907
0.480226	-0.054947	117.756842	0.001175
0.366278	-0.103179	88.486039	-0.000700
0.216315	-0.158391	66.309278	-0.002476
0.071784	-0.200029	49.167745	-0.003784
-0.039643	-0.227094	41.313393	-0.005264
-0.106800	-0.235906	36.337060	-0.008616
-0.128307	-0.225854	35.060557	-0.011331
-0.118919	-0.202059	43.801386	-0.014488
-0.078386	-0.167758	67.179125	-0.016585
-0.014002	-0.141240	104.951614	-0.018570
0.077133	-0.120771	151.343698	-0.021532
0.182647	-0.100887	192.615103	-0.024647
0.281388	-0.098771	218.492853	-0.024704
0.350655	-0.094105	233.613877	-0.023033
0.366678	-0.079842	235.301940	-0.022500
0.326952	-0.043012	228.137806	-0.020929
0.236288	0.014333	214.567321	-0.021441
0.119391	0.074501	199.577511	-0.020899
0.001412	0.154507	176.694791	-0.020203
-0.108211	0.242998	141.104223	-0.020467
-0.210058	0.331025	96.530892	-0.011066
-0.304261	0.407761	43.669697	0.001741
-0.382773	0.431957	-6.478949	0.011173
-0.448864	0.384208	-53.557546	0.018079
-0.488200	0.290467	-99.006271	0.021148
-0.516449	0.171619	-135.829404	0.021329
-0.529444	0.049619	-146.639432	0.020537
-0.498503	-0.051514	-119.257808	0.017399
-0.409924	-0.112615	-58.842015	0.013415
-0.245328	-0.122535	21.026224	0.011304
-0.028733	-0.098457	93.907754	0.006105
0.202319	-0.053749	144.199812	0.004885
0.397635	-0.012922	167.760440	0.003664
0.512024	-0.005267	162.593619	0.001873
0.534120	-0.023177	140.227998	0.001291
0.459642	-0.065208	107.585142	0.000733
0.325484	-0.120103	69.244050	-0.000897
0.167358	-0.172155	48.086026	-0.003372
0.024739	-0.215049	40.586046	-0.005318
-0.075956	-0.236054	30.182901	-0.006140
-0.132837	-0.236270	29.672746	-0.010014
-0.144538	-0.219815	37.535230	-0.013331
-0.122378	-0.184250	51.545603	-0.014492
-0.068427	-0.153360	83.818009	-0.018117
0.016430	-0.128139	124.754408	-0.019515
0.122398	-0.109540	168.594562	-0.022481
0.234347	-0.100633	205.389066	-0.023812
0.321172	-0.094544	226.741229	-0.024198
0.368370	-0.090525	235.670978	-0.023647
0.359723	-0.076505	237.100233	-0.022799
0.296782	-0.028668	227.313713	-0.021917
0.194026	0.028304	207.846666	-0.021467
0.072352	0.096367	190.910919	-0.021100
-0.048230	0.181387	167.778451	-0.021888
-0.158184	0.271814	130.770492	-0.020110
-0.260101	0.361107	85.580412	-0.008297
-0.346084	0.420268	34.275798	0.003824
-0.416047	0.429926	-14.485219	0.012452
-0.467273	0.373875	-61.782483	0.018520
-0.496108	0.268433	-102.324212	0.021676
-0.515560	0.145008	-134.513064	0.021549
-0.515827	0.022012	-138.010184	0.018345
-0.473638	-0.071785	-106.921296	0.015027
-0.372631	-0.114686	-40.434615	0.011051
-0.204330	-0.118264	36.754904	0.007720
0.014839	-0.088969	107.615319	0.005521
0.238459	-0.040773	151.526648	0.004217
0.414583	-0.008882	167.027580	0.002825
0.510460	-0.005868	154.781276	0.002216
0.507668	-0.033319	129.200120	-0.000268
0.418980	-0.079001	96.902964	-0.001361
0.278488	-0.132715	68.691565	-0.002534
0.127016	-0.185654	51.768892	-0.004192
-0.000627	-0.220088	44.086199	-0.005842
-0.086100	-0.234729	39.032123	-0.008527
-0.126261	-0.230952	36.692885	-0.011698
-0.130100	-0.207264	41.744007	-0.014110
-0.103142	-0.177912	58.448251	-0.016884
-0.047617	-0.145283	89.715181	-0.019799
0.033900	-0.121357	134.221216	-0.021533
0.136193	-0.106906	176.675183	-0.025147
0.240812	-0.097023	208.737118	-0.026052
0.323798	-0.095093	227.476206	-0.024536
0.363207	-0.089177	235.130605	-0.023892
0.346368	-0.056981	229.343085	-0.022379
0.276601	-0.005999	220.218856	-0.022246
0.170933	0.055198	205.916307	-0.021595
0.051082	0.124500	185.694667	-0.020949
-0.063676	0.207967	156.815946	-0.022088
-0.170661	0.301868	114.341828	-0.017106
-0.271923	0.379768	65.993729	-0.004111
-0.357944	0.428820	13.788156	0.006731
-0.429326	0.418761	-32.808608	0.015344
-0.478830	0.337618	-77.094659	0.019774
-0.506473	0.227462	-117.393630	0.022347
-0.527724	0.102641	-142.965988	0.021376
-0.517101	-0.011956	-135.084069	0.017980
-0.457948	-0.087409	-90.685208	0.014662
-0.327426	-0.119677	-16.487457	0.010918
-0.129873	-0.107502	64.772362	0.008186
0.101575	-0.069030	127.016346	0.006205
0.322752	-0.026640	160.822335	0.004384
0.476672	-0.000006	165.345619	0.003368
0.541659	-0.011926	148.978994	0.001835
0.505796	-0.046004	116.869748	0.000601
0.389797	-0.095127	86.362154	-0.000544
0.238015	-0.150159	63.168484	-0.002355
0.083778	-0.196555	48.540328	-0.004209
-0.035000	-0.229364	40.462056	-0.006012
-0.110980	-0.239536	34.508287	-0.008715
-0.144165	-0.226752	32.630977	-0.011784
-0.139627	-0.201927	38.081176	-0.014929
-0.105396	-0.167198	64.490123	-0.016423
-0.036839	-0.138124	104.660302	-0.019338
0.059496	-0.118425	151.219275	-0.020969
0.174906	-0.101141	189.904783	-0.023974
0.283550	-0.093561	219.604556	-0.024619
0.357299	-0.089809	233.364245	-0.023944
0.380954	-0.080394	234.743428	-0.022765
0.341331	-0.052150	228.263584	-0.021762
0.251945	0.002752	215.731961	-0.021454
0.129467	0.061405	198.906048	-0.021299
0.003541	0.137189	178.939450	-0.021093
-0.110410	0.225790	149.145567	-0.021241
-0.212446	0.313360	108.752854	-0.015560
-0.302943	0.394119	59.178734	-0.001904
-0.375273	0.438498	10.089346	0.009337
-0.434630	0.413417	-36.366510	0.016769
-0.468919	0.331871	-80.005261	0.020554
-0.490450	0.212096	-119.659165	0.021872
-0.503016	0.084361	-140.290204	0.019985
-0.488356	-0.026558	-131.317780	0.017153
-0.424669	-0.101739	-81.568547	0.013420
-0.292337	-0.123832	-6.420525	0.009265
-0.096577	-0.111488	73.413650	0.006408
0.130652	-0.072625	131.912830	0.004744
0.341212	-0.027123	160.667650	0.002704
0.482863	-0.009650	161.670678	0.001032
0.534844	-0.020381	141.392160	0.000332
0.488493	-0.056498	113.530697	-0.000823
0.372302	-0.111837	83.276686	-0.002540
0.226606	-0.163356	62.718535	-0.003444
0.084376	-0.205788	51.762612	-0.005413
-0.025363	-0.235058	46.722871	-0.007399
-0.093222	-0.239453	37.528671	-0.010248
-0.121826	-0.228496	36.818761	-0.013381
-0.116789	-0.195087	46.201727	-0.015890
-0.081472	-0.161900	72.210554	-0.017816
-0.014367	-0.134778	111.598760	-0.020364
0.079552	-0.112154	155.866549	-0.023129
0.190004	-0.101345	193.621490	-0.023992
0.291092	-0.093452	215.918786	-0.022931
0.357531	-0.086074	231.103888	-0.022512
0.370987	-0.069439	233.089832	-0.021175
0.327073	-0.022011	227.151482	-0.021322
0.238001	0.030507	215.944280	-0.020577
0.123698	0.090148	199.439024	-0.019847
0.002710	0.170839	172.075401	-0.020729
-0.113291	0.256495	131.850731	-0.020282
-0.226821	0.342999	88.977522	-0.008384
-0.325684	0.406610	37.625547	0.003817
-0.409029	0.426116	-11.033330	0.013528
-0.470134	0.378702	-58.649414	0.019910
-0.502953	0.276490	-100.701881	0.021150
-0.523243	0.154779	-140.655746	0.021952
-0.523896	0.031520	-149.855445	0.020378
-0.486716	-0.066994	-122.059842	0.017084
-0.386913	-0.115278	-57.875159	0.013673
-0.220054	-0.123427	25.673338	0.009437
0.005822	-0.095791	100.873456	0.006649
0.242452	-0.049233	150.332573	0.004892
0.435558	-0.015941	168.129069	0.002888
0.545062	-0.007814	157.880217	0.000106
0.549951	-0.032463	131.028386	-0.000449
0.463857	-0.079465	101.497283	-0.000953
0.318554	-0.130558	74.459604	-0.001560
0.158954	-0.184687	55.914480	-0.002509
0.019018	-0.221643	45.983318	-0.004886
-0.077490	-0.239481	37.150129	-0.007121
-0.129987	-0.239134	32.071508	-0.009985
-0.144620	-0.215534	34.527502	-0.013793
-0.124604	-0.183217	50.996657	-0.015795
-0.073096	-0.150657	84.846148	-0.018151
0.011688	-0.124209	130.349247	-0.019472
0.121714	-0.107841	173.312989	-0.022498
0.236995	-0.096409	207.083764	-0.023557
0.332104	-0.093398	227.491178	-0.023288
0.379030	-0.089083	236.435083	-0.022593
0.368862	-0.062761	233.702071	-0.021496
0.300825	-0.016290	224.819475	-0.021433
0.194859	0.040720	210.567190	-0.020301
0.071896	0.109564	189.842405	-0.020316
-0.048371	0.191751	161.103728	-0.021308
-0.160746	0.283338	122.130831	-0.019067
-0.269108	0.359454	73.167244	-0.005899
-0.357567	0.415280	21.999154	0.005715
-0.429559	0.420995	-25.588744	0.013656
-0.477219	0.356464	-68.315160	0.018064
-0.494843	0.250759	-109.884645	0.019941
-0.503218	0.126591	-135.281731	0.020277
-0.488651	0.006607	-138.256562	0.017856
-0.437270	-0.078429	-103.403310	0.015944
-0.329839	-0.121267	-36.859061	0.012336
-0.154357	-0.119752	43.633730	0.008050
0.061930	-0.088199	113.892569	0.004848
0.281217	-0.047246	153.200716	0.003302
0.448956	-0.013535	166.323900	0.001869
0.529141	-0.018240	152.621875	0.001213
0.516662	-0.049016	123.121313	0.000078
0.415832	-0.096192	93.437747	-0.001126
0.274414	-0.152076	69.208132	-0.001865
0.121514	-0.196162	50.311514	-0.002489
-0.003233	-0.230253	45.480409	-0.005546
-0.083743	-0.244080	41.705947	-0.008361
-0.122578	-0.233080	41.852889	-0.011308
-0.122868	-0.207412	43.454375	-0.014896
-0.098094	-0.173262	64.162554	-0.016226
-0.044689	-0.143876	97.866638	-0.018298
0.036831	-0.121523	140.943119	-0.020407
0.137334	-0.103550	181.488098	-0.023171
0.241890	-0.096491	213.831700	-0.022854
0.321233	-0.092476	230.000404	-0.022899
0.357812	-0.076624	237.298231	-0.021591
0.336127	-0.043844	234.804107	-0.021832
0.263529	0.009435	220.940991	-0.020839
0.157870	0.065970	203.795267	-0.020714
0.038151	0.137014	183.636938	-0.019863
-0.077459	0.222851	148.777915	-0.019825
-0.190039	0.305750	107.210580	-0.013441
-0.293749	0.380835	58.663261	-0.001228
-0.378113	0.425367	9.232364	0.009583
-0.447805	0.402075	-38.963332	0.016452
-0.485112	0.322964	-81.347612	0.020930
-0.506151	0.207250	-120.895781	0.021237
-0.513873	0.083276	-144.064593	0.020523
-0.496488	-0.024524	-133.396383	0.017451
-0.429366	-0.100016	-83.936129	0.014472
-0.293934	-0.124716	-8.572276	0.011083
-0.096078	-0.112422	68.733186	0.007677
0.138452	-0.072625	131.285094	0.004791
0.352362	-0.027618	161.227479	0.003832
0.500788	-0.012502	165.957105	0.000629
0.556577	-0.027202	144.844836	-0.000852
0.510223	-0.064494	113.963064	-0.000107
0.390507	-0.118680	84.746958	-0.000836
0.233484	-0.168344	62.802927	-0.000959
0.082396	-0.211004	50.649146	-0.003967
-0.033541	-0.237554	46.457008	-0.005324
-0.102859	-0.241289	42.168568	-0.008720
-0.129793	-0.227512	40.638548	-0.012277
-0.122250	-0.193571	48.049481	-0.015057
-0.086147	-0.160111	68.889846	-0.017348
-0.020897	-0.134981	110.353534	-0.018104
0.073031	-0.112630	154.708440	-0.020277
0.185007	-0.102343	194.471583	-0.022185
0.287399	-0.094814	220.561282	-0.022268
0.359061	-0.087765	235.982696	-0.022440
0.376650	-0.072179	236.589754	-0.020811
0.339031	-0.028690	227.596105	-0.020492
0.253015	0.025302	216.619925	-0.019933
0.137039	0.086034	199.075153	-0.019713
0.014123	0.165153	174.691001	-0.019592
-0.104937	0.245699	137.811020	-0.019245
-0.219979	0.328283	95.095296	-0.010867
-0.319360	0.399045	42.463368	0.001964
-0.401323	0.427965	-7.473291	0.011709
-0.458608	0.390731	-48.702356	0.018278
-0.485057	0.293512	-89.859792	0.020413
-0.497662	0.174910	-127.677594	0.020066
-0.499743	0.054225	-143.274951	0.017789
-0.472775	-0.053174	-124.100401	0.015360
-0.390469	-0.109122	-66.785790	0.011463
-0.242492	-0.124564	12.705543	0.007948
-0.032856	-0.107513	91.031806	0.006004
0.200023	-0.065065	144.583119	0.003725
0.398756	-0.030373	167.093697	0.002002
0.521768	-0.018584	161.957413	0.000942
0.543954	-0.039708	137.867543	0.000454
0.474018	-0.085629	106.289214	0.000968
0.342689	-0.136615	85.053907	-0.001158
0.190105	-0.187238	66.952867	-0.001554
0.050719	-0.221171	58.437317	-0.003555
-0.049007	-0.238290	52.992828	-0.006109
-0.104159	-0.239562	48.782667	-0.009227
-0.121712	-0.216611	45.303225	-0.012366
-0.110023	-0.183840	57.002557	-0.014118
-0.069769	-0.151507	84.317805	-0.016531
-0.001810	-0.123072	118.919503	-0.018233
0.093878	-0.107901	165.246087	-0.020549
0.203437	-0.098615	203.417997	-0.021625
0.300328	-0.090160	226.427420	-0.020834
0.356566	-0.079615	233.899192	-0.020716
0.359992	-0.044920	235.628940	-0.020658
0.308133	0.001269	227.507857	-0.019896
0.218255	0.055869	214.879208	-0.019621
0.105526	0.123326	192.615985	-0.017922
-0.012168	0.198794	159.277113	-0.019083
-0.131906	0.277015	118.891291	-0.015621
