MBK	ACC	OVV	EGG
0.032168	0.008654	80.628135	-0.078605
0.027693	0.022982	79.602953	-0.081430
0.019297	0.040139	80.578196	-0.077753
0.008341	0.058507	79.491214	-0.079603
-0.005064	0.078254	79.129302	-0.071208
-0.027690	0.109078	75.844596	-0.074054
-0.053002	0.141595	72.272610	-0.013436
-0.080044	0.165433	67.959609	0.079650
-0.114856	0.154890	61.567595	0.099550
-0.149476	0.114731	53.877550	0.115753
-0.191957	0.076923	45.518642	0.117988
-0.245788	0.040923	38.928062	0.121537
-0.308571	0.007311	33.705481	0.120189
-0.362742	-0.020512	26.080633	0.117937
-0.380217	-0.036564	24.324814	0.112904
-0.401028	-0.035190	19.852275	0.107653
-0.392581	-0.016489	20.654800	0.097931
-0.355758	0.004976	19.509779	0.090060
-0.317860	0.021658	23.490916	0.077524
-0.227239	0.025434	23.895425	0.065388
-0.139314	0.019333	31.039374	0.050529
-0.056778	0.007942	33.983716	0.038255
0.023279	-0.005766	42.281018	0.025467
0.093249	-0.018773	48.402200	0.014946
0.142333	-0.036249	55.836358	0.003952
0.192692	-0.056457	59.758626	-0.004737
0.222001	-0.067335	68.070287	-0.013975
0.227148	-0.069213	71.054421	-0.020271
0.226919	-0.067472	76.482425	-0.026621
0.223643	-0.067113	80.053900	-0.031710
0.199800	-0.074001	82.352977	-0.037237
0.191365	-0.082416	82.259073	-0.041688
0.164897	-0.088546	83.887898	-0.047525
0.143061	-0.095245	84.092165	-0.052135
0.116891	-0.101208	83.339993	-0.057116
0.103564	-0.104952	82.533816	-0.060813
0.081338	-0.099243	80.984508	-0.065147
0.064105	-0.087749	80.269821	-0.068215
0.051767	-0.068460	80.878097	-0.071993
0.033627	-0.047698	80.503433	-0.073223
0.033226	-0.030082	80.008200	-0.074599
0.023675	-0.009697	77.917492	-0.076481
0.018664	0.007538	79.618856	-0.076159
0.012021	0.019763	79.758534	-0.076076
0.000510	0.031791	80.224460	-0.074222
-0.006045	0.049415	79.085108	-0.075963
-0.025182	0.068580	78.674427	-0.069996
-0.038545	0.098665	76.406601	-0.072912
-0.062229	0.132195	73.686249	-0.036046
-0.091057	0.162519	69.778095	0.065046
-0.114074	0.162013	62.777465	0.096874
-0.144002	0.122016	55.033548	0.113811
-0.177738	0.080620	47.824072	0.119180
-0.237902	0.050471	38.272732	0.121978
-0.295557	0.018722	36.749341	0.121956
-0.362189	-0.009494	27.402726	0.122751
-0.380485	-0.027847	26.439732	0.116708
-0.389451	-0.030187	20.312020	0.111478
-0.400552	-0.016159	20.994951	0.101867
-0.349007	0.000934	19.184370	0.092424
-0.327208	0.015966	24.299167	0.079574
-0.244694	0.021138	23.444137	0.068799
-0.162684	0.012642	30.036925	0.053893
-0.071783	0.003876	34.944907	0.040736
-0.000122	-0.004709	41.206588	0.027595
0.083822	-0.015616	47.556506	0.017978
0.137055	-0.026810	54.789722	0.006235
0.189609	-0.040444	60.242052	-0.002058
0.227180	-0.055569	65.692323	-0.011160
0.235747	-0.064571	70.887358	-0.018634
0.240476	-0.071290	74.511863	-0.026226
0.237426	-0.073310	79.175328	-0.031591
0.216506	-0.077261	81.936710	-0.037227
0.205022	-0.085604	82.658474	-0.042519
0.184141	-0.094470	83.559812	-0.047183
0.162809	-0.100868	85.523492	-0.052647
0.142660	-0.101182	83.156389	-0.056676
0.128303	-0.097037	83.331593	-0.060934
0.105010	-0.092278	81.629114	-0.065645
0.088943	-0.084663	81.455180	-0.068821
0.079434	-0.070365	80.697332	-0.071624
0.060264	-0.048801	79.378854	-0.074080
0.050256	-0.026995	79.980546	-0.074028
0.038845	-0.012066	80.004051	-0.074937
0.027254	0.003420	80.350140	-0.074532
0.018226	0.017472	78.748106	-0.075726
0.013824	0.031472	80.352742	-0.072973
-0.002968	0.051270	78.725717	-0.073156
-0.010303	0.076179	78.249766	-0.068127
-0.029163	0.106891	75.506725	-0.069766
-0.056738	0.135701	72.614419	-0.028074
-0.074524	0.161672	68.221196	0.071083
-0.101669	0.160165	60.959843	0.098227
-0.131406	0.122120	51.732042	0.114483
-0.159926	0.080327	46.168481	0.118906
-0.210019	0.042864	39.131456	0.122235
-0.272311	0.011748	34.394536	0.122339
-0.333613	-0.011251	26.680234	0.121765
-0.357169	-0.027522	25.259818	0.116289
-0.377492	-0.030378	18.672832	0.111960
-0.372852	-0.016231	21.781786	0.102376
-0.336144	0.003745	19.419935	0.094013
-0.313061	0.021065	26.476201	0.081493
-0.230187	0.025992	24.724600	0.069382
-0.153643	0.017932	31.849643	0.055313
-0.063407	0.006674	34.532528	0.042352
0.008425	-0.007907	41.811765	0.029582
0.092820	-0.021048	46.043181	0.018441
0.139526	-0.033832	54.965439	0.007983
0.195720	-0.048565	57.590653	-0.001513
0.227457	-0.060318	65.944181	-0.009676
0.239292	-0.065487	70.056610	-0.016877
0.246396	-0.069357	75.328947	-0.024976
0.245308	-0.072326	78.500489	-0.029418
0.226316	-0.075959	80.482261	-0.036496
0.214752	-0.082977	81.088399	-0.041423
0.194299	-0.093004	83.084838	-0.046852
0.176876	-0.099510	83.600410	-0.051529
0.157258	-0.103608	84.026344	-0.056421
0.143463	-0.103867	84.495034	-0.061058
0.112343	-0.094939	82.685647	-0.064966
0.104129	-0.079455	81.855319	-0.068894
0.083782	-0.062228	82.307017	-0.070393
0.066444	-0.042033	80.416339	-0.071730
0.065995	-0.023290	81.260541	-0.073595
0.052488	-0.007045	77.630712	-0.075111
0.037788	0.003549	78.749605	-0.074736
0.024186	0.015898	79.087637	-0.075716
0.009249	0.029331	80.117585	-0.073327
-0.014621	0.047506	78.964154	-0.073216
-0.024528	0.070129	78.292315	-0.068093
-0.040752	0.098794	76.703497	-0.069610
-0.065978	0.132305	73.031845	-0.034530
-0.080734	0.160831	68.131285	0.064538
-0.109610	0.163672	62.986905	0.096032
-0.142546	0.129626	52.776027	0.111337
-0.158654	0.086530	47.427877	0.116750
-0.201023	0.049317	38.408847	0.121026
-0.254361	0.020113	35.725095	0.121008
-0.297791	-0.006462	27.785862	0.121531
-0.335692	-0.026360	26.791325	0.116774
-0.338345	-0.031020	20.359555	0.112041
-0.341589	-0.020660	21.920053	0.103273
-0.310702	-0.001691	20.642021	0.094537
-0.285298	0.017485	24.859452	0.082623
-0.209184	0.025671	25.458681	0.070477
-0.138507	0.019232	30.859199	0.055368
-0.046281	0.005712	33.694106	0.042295
0.028328	-0.006364	40.665552	0.028574
0.102681	-0.016772	46.856183	0.018700
0.150722	-0.028986	54.369906	0.007044
0.206780	-0.043430	60.054736	-0.001392
0.236344	-0.059443	65.581116	-0.009137
0.254762	-0.067282	70.696237	-0.016441
0.260231	-0.067710	74.555843	-0.022990
0.253538	-0.067018	79.037672	-0.027559
0.235983	-0.070156	79.533362	-0.034575
0.226066	-0.078699	81.620828	-0.040076
0.200152	-0.088313	83.058222	-0.046247
0.169320	-0.096427	82.750684	-0.051506
0.145521	-0.100578	83.246986	-0.057262
0.124470	-0.100091	82.347759	-0.060970
0.100766	-0.094881	81.706793	-0.066312
0.086958	-0.084634	79.516761	-0.068923
0.069967	-0.067285	81.452538	-0.072377
0.056882	-0.046360	78.678567	-0.073823
0.053598	-0.027621	80.262873	-0.076314
0.051610	-0.010230	77.708284	-0.076934
0.040848	0.004157	79.788145	-0.077301
0.040042	0.012265	78.847952	-0.077380
0.024020	0.023951	81.075141	-0.076697
0.017671	0.045177	79.156764	-0.076270
-0.000432	0.065047	78.816606	-0.072679
-0.008435	0.094580	74.533043	-0.071809
-0.030953	0.131849	71.110180	-0.043374
-0.050089	0.163917	68.432268	0.058140
-0.084864	0.169819	63.101539	0.095073
-0.100437	0.136440	55.162631	0.110590
-0.132138	0.093881	46.350064	0.117843
-0.176348	0.058576	40.076383	0.121648
-0.228675	0.020433	36.117237	0.121991
-0.299367	-0.011363	29.955241	0.121783
-0.341115	-0.030304	23.324711	0.117080
-0.353812	-0.033101	19.339764	0.111799
-0.373100	-0.019429	20.484233	0.103509
-0.340033	-0.001497	20.060488	0.096250
-0.311378	0.015818	23.362043	0.084094
-0.248882	0.028116	24.290498	0.073529
-0.167932	0.024408	28.992420	0.059325
-0.075358	0.012055	34.060575	0.046633
0.001556	-0.000681	37.525367	0.033095
0.088411	-0.016666	45.666292	0.022385
0.148126	-0.031407	52.981841	0.010788
0.199664	-0.045523	56.966726	0.002621
0.242927	-0.059655	63.638931	-0.007148
0.259777	-0.066539	69.277767	-0.013832
0.272910	-0.066614	75.607208	-0.021511
0.274745	-0.068426	79.696672	-0.026255
0.253620	-0.071851	81.520289	-0.033326
0.243351	-0.079526	82.304063	-0.037731
0.214928	-0.089618	83.625465	-0.044318
0.193195	-0.095462	83.820832	-0.048157
0.160966	-0.098334	84.102732	-0.054946
0.146259	-0.097050	83.834465	-0.058867
0.110297	-0.091173	83.303221	-0.064249
0.094991	-0.082633	80.556725	-0.066065
0.070553	-0.067364	80.840942	-0.071085
0.049191	-0.045287	79.744810	-0.072453
0.034657	-0.028748	79.780239	-0.075322
0.024375	-0.015673	78.423176	-0.075191
0.012839	-0.000338	78.705576	-0.077741
0.006528	0.011523	79.478908	-0.076931
-0.007238	0.024809	79.417205	-0.078025
-0.016585	0.040582	78.030308	-0.075767
-0.022942	0.056432	77.501677	-0.076056
-0.033003	0.082204	74.115868	-0.072058
-0.050626	0.119652	73.042447	-0.063073
-0.064401	0.156158	68.974371	0.030813
-0.091009	0.171642	65.190031	0.088135
-0.100995	0.147539	56.063388	0.103974
-0.128293	0.105630	49.362988	0.115164
-0.162089	0.071011	38.723356	0.117819
-0.223739	0.034786	36.746386	0.119685
-0.272022	0.001821	30.606990	0.119181
-0.325808	-0.023093	26.257010	0.115746
-0.329117	-0.036099	22.108109	0.111041
-0.355078	-0.029856	19.988808	0.102903
-0.333665	-0.010474	20.889034	0.094591
-0.315741	0.009175	22.375342	0.082443
-0.262548	0.023684	24.969912	0.071424
-0.180174	0.020870	25.858440	0.057661
-0.092100	0.011478	32.760974	0.044273
-0.009810	0.000660	35.994182	0.031383
0.070347	-0.013028	45.008837	0.019886
0.139925	-0.026188	50.331127	0.008089
0.193945	-0.040108	57.159173	-0.001383
0.241956	-0.054616	60.372828	-0.009523
0.262387	-0.065352	68.312793	-0.015521
0.265860	-0.068681	72.667425	-0.023708
0.267831	-0.071052	76.808444	-0.028985
0.245628	-0.071714	79.561680	-0.035438
0.227418	-0.077589	80.597482	-0.039671
0.201939	-0.087706	82.139100	-0.045680
0.180243	-0.096252	83.412842	-0.050553
0.150130	-0.098878	83.711122	-0.056899
0.134779	-0.096836	82.094514	-0.061015
0.103041	-0.091411	81.855626	-0.066358
0.084732	-0.086438	80.842586	-0.069631
0.064025	-0.075320	80.911330	-0.073511
0.050030	-0.055763	79.476409	-0.075608
0.031210	-0.034775	79.619478	-0.078098
0.027275	-0.018644	78.801862	-0.077438
0.009493	-0.003272	77.091374	-0.080369
0.007341	0.006526	77.813181	-0.079202
-0.004545	0.020638	77.315804	-0.080831
-0.007212	0.041188	77.403788	-0.076987
-0.016619	0.061670	76.603376	-0.078916
-0.012958	0.087829	75.370738	-0.073111
-0.025923	0.120792	71.917966	-0.067245
-0.035776	0.152509	68.335785	0.021097
-0.062669	0.168823	64.467842	0.084950
-0.080531	0.144337	57.781410	0.100378
-0.115113	0.099849	47.443419	0.112613
-0.155921	0.061654	37.630107	0.115398
-0.224145	0.026585	34.411267	0.117116
-0.285906	-0.003279	31.659030	0.116987
-0.339002	-0.024729	25.605007	0.115201
-0.349523	-0.033579	23.722222	0.110157
-0.376436	-0.026173	21.311148	0.103264
-0.357213	-0.007742	22.040670	0.094913
-0.328336	0.011830	22.803464	0.084504
-0.270657	0.026641	26.101910	0.073075
-0.184311	0.023962	26.534726	0.060451
-0.089313	0.011215	33.242020	0.047765
-0.007041	-0.002150	36.788311	0.032946
0.083131	-0.016201	45.354086	0.021239
0.147309	-0.030348	50.376226	0.010440
0.205126	-0.043773	56.927753	0.000600
0.247303	-0.057680	60.829314	-0.008502
0.278898	-0.065263	68.849645	-0.015303
0.276440	-0.066090	72.444713	-0.022503
0.280913	-0.065836	78.529938	-0.027671
0.256584	-0.066630	77.726229	-0.034532
0.233280	-0.071652	80.903214	-0.038984
0.206695	-0.082628	81.290846	-0.045044
0.179299	-0.091404	84.840351	-0.050758
0.148946	-0.096363	81.494140	-0.056982
0.128503	-0.096667	82.681076	-0.060785
0.101885	-0.092962	80.334056	-0.065534
0.079041	-0.086908	81.063966	-0.068910
0.064172	-0.075831	79.351765	-0.074228
0.041974	-0.056479	79.406289	-0.075303
0.025127	-0.033058	75.911800	-0.078537
0.016705	-0.015982	78.725982	-0.078230
0.004708	-0.005286	76.856926	-0.080715
0.003035	0.004707	78.789653	-0.079627
-0.001510	0.019478	77.882858	-0.082007
-0.005773	0.036327	78.995967	-0.078179
-0.015295	0.053514	76.835080	-0.080730
-0.009324	0.074720	76.904698	-0.074035
-0.028563	0.107460	72.719023	-0.077007
-0.035412	0.140442	70.470193	-0.011725
-0.053960	0.164918	65.413854	0.073779
-0.069672	0.157091	59.484091	0.093991
-0.095130	0.119246	52.158772	0.109356
-0.120622	0.078054	44.090776	0.112075
-0.181162	0.039874	36.697529	0.115180
-0.230934	0.006100	33.902216	0.113987
-0.296048	-0.018217	25.693368	0.112946
-0.318632	-0.032773	26.363135	0.108082
-0.345279	-0.031082	19.881985	0.102047
-0.338913	-0.016694	24.019933	0.094537
-0.309875	0.002055	20.026431	0.084890
-0.264092	0.020813	26.902560	0.071979
-0.181200	0.025117	24.850289	0.061083
-0.094698	0.016775	32.959553	0.047348
0.002726	0.007349	35.655202	0.033776
0.087382	-0.004939	43.379862	0.022160
0.162323	-0.021158	46.655664	0.011384
0.225113	-0.038137	55.947713	0.001503
0.268671	-0.052635	58.833814	-0.007591
0.298377	-0.062909	67.782475	-0.014924
0.300860	-0.066405	69.932895	-0.022978
0.297556	-0.068526	76.882065	-0.027863
0.280466	-0.070505	78.349134	-0.033697
0.259119	-0.071542	81.374253	-0.038591
0.233053	-0.077007	81.634518	-0.044042
0.201698	-0.083389	84.033038	-0.049572
0.175045	-0.087677	80.723958	-0.056132
0.151376	-0.090754	82.743069	-0.059434
0.128877	-0.091825	79.526583	-0.064850
0.101739	-0.087249	81.491940	-0.067946
0.078068	-0.074108	79.146627	-0.070460
0.053784	-0.056494	79.220929	-0.073167
0.034951	-0.037057	75.636114	-0.075947
0.024435	-0.019608	78.185068	-0.077256
0.011129	-0.000444	75.307797	-0.079359
0.001785	0.015511	75.765246	-0.078540
-0.006959	0.030867	77.412772	-0.079794
-0.008069	0.044922	78.013617	-0.076969
-0.018428	0.057490	75.954555	-0.079385
-0.020581	0.075921	74.582913	-0.073283
-0.034942	0.102660	71.885789	-0.076788
-0.040722	0.135742	71.036399	-0.018723
-0.070035	0.167922	62.979959	0.068883
-0.076967	0.160021	60.272622	0.091886
-0.109649	0.119804	48.704567	0.107872
-0.133485	0.081525	43.221689	0.112171
-0.181109	0.046751	34.768214	0.114756
-0.250317	0.015997	33.842032	0.113068
-0.297033	-0.007811	25.137101	0.112918
-0.323340	-0.027513	25.312121	0.108528
-0.339673	-0.030304	19.486229	0.103303
-0.336601	-0.018597	21.764524	0.096736
-0.301528	0.002682	20.847776	0.086859
-0.268224	0.023594	25.626976	0.075227
-0.183383	0.028844	24.258612	0.063532
-0.093772	0.019594	32.696314	0.050424
-0.003950	0.008689	35.233187	0.037752
0.082265	-0.003143	44.056495	0.025216
0.157921	-0.016905	49.052329	0.014888
0.214766	-0.030753	55.585397	0.004941
0.269949	-0.047592	59.466749	-0.002940
0.297795	-0.059726	66.961644	-0.010250
0.301854	-0.064208	70.455602	-0.017219
0.304566	-0.064038	76.057322	-0.023864
0.287403	-0.064510	79.228402	-0.029756
0.267090	-0.068609	81.502871	-0.036260
0.247084	-0.075761	81.518136	-0.040333
0.214545	-0.080790	83.138226	-0.046077
0.182310	-0.085678	81.924138	-0.051491
0.159648	-0.090566	84.314169	-0.056833
0.135238	-0.088548	81.185001	-0.060849
0.109471	-0.079854	80.721987	-0.064591
0.088673	-0.068382	78.558312	-0.068369
0.067322	-0.053079	81.011253	-0.071641
0.048462	-0.033421	77.166428	-0.074214
0.038750	-0.013392	78.684230	-0.075726
0.025679	0.003962	77.442578	-0.077504
0.020882	0.016435	78.507068	-0.076732
0.017189	0.028187	75.817149	-0.078199
0.009874	0.043247	77.396145	-0.077114
0.003674	0.056085	74.822259	-0.077697
-0.001068	0.073825	76.607520	-0.073344
-0.019887	0.099154	71.190769	-0.075106
-0.034360	0.131129	69.541221	-0.040584
-0.052962	0.161927	64.180106	0.052110
-0.076855	0.165345	60.814142	0.088154
-0.096579	0.131042	50.978984	0.102978
-0.128184	0.087450	44.582521	0.110059
-0.169004	0.051527	36.119321	0.112815
-0.224461	0.022057	34.390758	0.112014
-0.273781	-0.004401	27.345234	0.110468
-0.305499	-0.024241	26.269932	0.107260
-0.315666	-0.030368	20.626120	0.102285
-0.324237	-0.019661	20.780214	0.095453
-0.293785	0.001636	20.930341	0.086743
-0.255672	0.021277	25.592345	0.076433
-0.185574	0.030284	26.710081	0.064794
-0.091295	0.025382	32.216831	0.051864
