MBK	ACC	OVV	EGG
0.380012	-0.159537	169.825554	-0.015197
0.367554	-0.173652	167.784649	-0.015270
0.340522	-0.188176	171.906477	-0.013596
0.313107	-0.184609	172.524402	-0.012992
0.282221	-0.157215	173.894342	-0.014025
0.249073	-0.087403	173.307803	-0.013934
0.220780	0.019015	173.268927	-0.014528
0.187061	0.135367	172.577728	-0.014863
0.148150	0.261853	160.026356	-0.015300
0.107822	0.376717	151.612586	-0.012801
0.038466	0.476335	134.119016	0.006274
-0.019666	0.529622	110.489912	0.020559
-0.117078	0.467590	84.468031	0.029529
-0.200874	0.301160	43.292420	0.033641
-0.304057	0.104779	11.920796	0.031011
-0.440350	-0.067312	-22.928511	0.025853
-0.522431	-0.188737	-38.712614	0.022171
-0.607014	-0.259925	-62.612550	0.016873
-0.635798	-0.254625	-60.131687	0.013168
-0.607745	-0.182320	-77.902506	0.008520
-0.543388	-0.081671	-64.781901	0.004841
-0.459259	0.021121	-62.301390	0.001790
-0.306552	0.092057	-40.597341	-0.000549
-0.190346	0.106825	-29.164709	-0.001637
-0.042388	0.079163	-1.269166	-0.001746
0.079453	0.026275	16.492062	-0.001909
0.164765	-0.033842	52.299565	-0.002462
0.257430	-0.099235	69.968972	-0.003102
0.306354	-0.156245	96.661213	-0.005232
0.342241	-0.184705	112.786187	-0.005455
0.371220	-0.190292	135.111004	-0.007308
0.374722	-0.174382	146.953392	-0.009996
0.379781	-0.150767	160.850027	-0.012388
0.377793	-0.143611	164.869684	-0.015446
0.364902	-0.145192	169.773308	-0.015913
0.352294	-0.158349	164.981734	-0.015825
0.326495	-0.171592	172.848373	-0.015127
0.301600	-0.166269	170.431234	-0.015036
0.270134	-0.138754	174.711201	-0.013966
0.240793	-0.068053	172.776653	-0.014896
0.216005	0.039627	174.437050	-0.015060
0.183228	0.158070	170.772134	-0.015081
0.150331	0.284099	162.813040	-0.015930
0.110899	0.397744	151.531202	-0.014860
0.042931	0.495539	135.718877	0.003747
-0.011481	0.549566	109.517220	0.018416
-0.110607	0.495094	87.666344	0.028319
-0.193228	0.335295	45.757409	0.031845
-0.293946	0.137274	12.823897	0.030012
-0.433481	-0.039304	-20.255118	0.026712
-0.515873	-0.168115	-34.936603	0.021476
-0.601652	-0.247660	-63.989029	0.016408
-0.634109	-0.250874	-56.888079	0.011552
-0.613868	-0.188113	-78.498230	0.008298
-0.544442	-0.088681	-62.531415	0.004706
-0.475166	0.019170	-64.269627	0.001626
-0.314379	0.090574	-40.291698	-0.000018
-0.203340	0.109918	-29.318505	-0.001266
-0.055819	0.087994	-1.789092	-0.000350
0.069923	0.040595	15.820241	-0.001733
0.150735	-0.020973	48.704671	-0.002440
0.252651	-0.086904	69.046888	-0.003903
0.296071	-0.146604	93.490394	-0.005292
0.340566	-0.175239	113.977525	-0.006371
0.366313	-0.183266	132.173934	-0.009685
0.377690	-0.168448	146.474132	-0.012428
0.379107	-0.147625	157.976069	-0.014453
0.387091	-0.137223	164.296548	-0.015671
0.370321	-0.135761	166.266931	-0.016263
0.366232	-0.143789	170.517538	-0.015826
0.345782	-0.150009	171.768149	-0.016207
0.322579	-0.143402	171.033782	-0.014744
0.301611	-0.115071	172.124174	-0.014518
0.269496	-0.046044	175.216557	-0.014544
0.246633	0.059434	172.987986	-0.013707
0.217170	0.179014	173.070027	-0.014548
0.179803	0.305506	162.874823	-0.014903
0.140980	0.416426	154.087696	-0.013144
0.074687	0.516342	133.569192	0.004072
0.012459	0.571344	112.301699	0.019568
-0.085390	0.517053	86.552153	0.027785
-0.172218	0.354550	45.461171	0.031925
-0.281405	0.153717	7.746784	0.030532
-0.421053	-0.021789	-17.551237	0.026527
-0.515405	-0.150207	-42.974934	0.021439
-0.600008	-0.230051	-58.482871	0.017403
-0.643679	-0.234934	-65.024786	0.012523
-0.613648	-0.175118	-76.043158	0.008852
-0.559654	-0.080075	-71.691243	0.004291
-0.475403	0.024858	-64.340841	0.000042
-0.331460	0.094590	-44.133309	-0.001289
-0.210838	0.111415	-30.665312	-0.001893
-0.067699	0.088566	-6.464976	-0.002165
0.057008	0.040013	16.417187	-0.001734
0.145687	-0.020066	46.413102	-0.002248
0.234117	-0.085039	68.314706	-0.003885
0.287200	-0.138653	93.733347	-0.004963
0.320013	-0.167007	112.778471	-0.006617
0.352377	-0.175313	134.657602	-0.009316
0.357154	-0.157489	146.295540	-0.010556
0.360481	-0.131247	157.573417	-0.014057
0.367946	-0.118158	166.373287	-0.014735
0.350416	-0.117511	166.608286	-0.014973
0.352118	-0.127147	172.130969	-0.015334
0.327012	-0.137771	171.275764	-0.015212
0.309005	-0.131794	171.701607	-0.014838
0.282748	-0.103741	172.921666	-0.015217
0.255558	-0.028886	175.517677	-0.014620
0.232847	0.077700	173.369522	-0.014688
0.203746	0.195716	173.016845	-0.014690
0.172466	0.322318	165.305995	-0.014438
0.128462	0.433652	152.127246	-0.012933
0.068589	0.532349	132.173182	0.004445
0.002575	0.584341	110.808811	0.020798
-0.091645	0.527765	85.364216	0.028396
-0.185646	0.365965	43.626660	0.031329
-0.284221	0.162789	10.479627	0.031189
-0.432304	-0.013381	-19.200486	0.025004
-0.517711	-0.142253	-41.738205	0.022217
-0.602972	-0.222823	-60.670161	0.018445
-0.648239	-0.226271	-67.020505	0.012464
-0.612860	-0.166863	-75.334296	0.008613
-0.561684	-0.069770	-74.483138	0.004504
-0.466684	0.034408	-57.962193	0.000106
-0.332426	0.100880	-47.831677	-0.000655
-0.194852	0.116276	-26.565253	-0.000791
-0.066623	0.091399	-6.665981	-0.000743
0.070332	0.039781	16.763300	-0.000795
0.151009	-0.020534	41.982101	-0.001881
0.238505	-0.089002	69.041936	-0.002869
0.293384	-0.143954	94.488027	-0.005551
0.319222	-0.171819	110.976148	-0.006902
0.355744	-0.177467	132.219112	-0.009039
0.352232	-0.157923	147.796091	-0.011961
0.362900	-0.134072	159.991280	-0.016256
0.361001	-0.123753	164.871096	-0.015595
0.351378	-0.121790	164.776350	-0.016428
0.345919	-0.133840	169.944898	-0.016746
0.325831	-0.138907	171.640082	-0.015808
0.309297	-0.131919	173.821796	-0.015642
0.284581	-0.102330	173.829463	-0.014934
0.263695	-0.024084	173.367481	-0.014460
0.240044	0.082225	173.961765	-0.014610
0.217154	0.203409	170.787509	-0.014158
0.182136	0.327399	159.346300	-0.014900
0.143873	0.441031	154.077626	-0.013277
0.078196	0.542394	135.156971	0.004602
0.013881	0.591267	112.248748	0.019096
-0.084219	0.534472	85.282775	0.028746
-0.176605	0.370600	44.620757	0.032952
-0.285355	0.169170	12.203161	0.031169
-0.430009	-0.007388	-21.228686	0.026508
-0.524861	-0.136816	-39.108651	0.022447
-0.611985	-0.216710	-64.960392	0.016261
-0.653062	-0.219049	-60.070449	0.013009
-0.630388	-0.160558	-84.929482	0.008628
-0.562705	-0.063944	-64.658531	0.004751
-0.494605	0.038834	-66.965603	0.000572
-0.327844	0.103123	-40.868575	-0.000510
-0.224997	0.114356	-33.398792	-0.001157
-0.071086	0.084497	-3.027233	-0.000582
0.049404	0.032309	13.569984	-0.001726
0.130249	-0.029620	47.055020	-0.003428
0.226618	-0.095954	69.873944	-0.004001
0.266026	-0.149833	95.534876	-0.005928
0.305871	-0.178910	113.651015	-0.006376
0.329026	-0.184345	135.523340	-0.008070
0.335936	-0.165409	148.211699	-0.010666
0.337949	-0.145232	159.085899	-0.013995
0.344190	-0.134446	163.258893	-0.016607
0.328284	-0.132680	169.263475	-0.016855
0.330169	-0.147146	169.623617	-0.015908
0.310844	-0.155314	169.705748	-0.015524
0.290621	-0.151304	168.807914	-0.017035
0.278817	-0.121562	173.436424	-0.014823
0.249747	-0.046596	169.708860	-0.014723
0.239723	0.059640	174.316546	-0.015910
0.214702	0.184226	172.211781	-0.014712
0.183415	0.311576	166.077954	-0.016408
0.151599	0.426484	152.834876	-0.016357
0.085260	0.529457	137.970372	0.000407
0.026028	0.583454	110.742801	0.017713
-0.071826	0.540739	89.894981	0.027143
-0.166834	0.384689	47.396636	0.031214
-0.271320	0.178126	14.282883	0.029624
-0.420332	-0.004626	-21.198880	0.026761
-0.521181	-0.138055	-35.545263	0.020695
-0.611243	-0.222605	-62.568855	0.016455
-0.656422	-0.231853	-63.507534	0.011100
-0.642198	-0.179834	-81.830196	0.007536
-0.577202	-0.083376	-68.926054	0.003383
-0.502900	0.019111	-66.755750	-0.000211
-0.353804	0.085641	-42.351194	-0.002732
-0.230172	0.102636	-37.349945	-0.002350
-0.086760	0.071281	-4.529688	-0.001507
0.040837	0.018593	9.479234	-0.001768
0.131760	-0.043071	47.529399	-0.003668
0.220910	-0.114457	64.191904	-0.004438
0.275143	-0.172041	96.487829	-0.004965
0.308889	-0.204745	111.052903	-0.007122
0.337208	-0.209924	133.065741	-0.011126
0.339311	-0.192052	139.587762	-0.014559
0.346605	-0.172277	162.202359	-0.016867
0.345676	-0.160236	161.661879	-0.018064
0.335321	-0.161051	171.899168	-0.018233
0.331026	-0.173373	165.658889	-0.017081
0.314263	-0.179618	174.905933	-0.016395
0.298136	-0.178240	171.010251	-0.016754
0.279226	-0.153686	175.517687	-0.017111
0.255538	-0.083894	172.120180	-0.016891
0.239628	0.021087	178.321808	-0.015227
0.216096	0.143776	173.503067	-0.016374
0.186628	0.270145	170.937137	-0.015562
0.153135	0.384041	155.015538	-0.017013
0.091499	0.486489	144.413882	-0.001138
0.029331	0.550753	112.621534	0.016238
-0.063986	0.524098	98.179848	0.026263
-0.164745	0.376887	48.840082	0.030028
-0.257435	0.172078	23.739572	0.030766
-0.413959	-0.010635	-18.473349	0.027619
-0.509728	-0.156333	-28.587222	0.022003
-0.606973	-0.256104	-65.724169	0.017876
-0.658470	-0.275950	-60.239170	0.013082
-0.654340	-0.227412	-80.281702	0.009168
-0.591575	-0.130555	-68.663683	0.004707
-0.526690	-0.025516	-67.197795	0.000298
-0.385361	0.049474	-45.490901	-0.002903
-0.254683	0.072096	-34.789311	-0.003829
-0.126026	0.045782	-13.282786	-0.003234
0.019490	-0.002182	10.313079	-0.003634
0.101404	-0.061456	42.090933	-0.003574
0.196346	-0.129752	66.054064	-0.004440
0.252800	-0.186127	91.716655	-0.004698
0.289254	-0.219177	111.280359	-0.006912
0.315865	-0.226159	133.600839	-0.009666
0.328214	-0.212016	143.562216	-0.012010
0.326988	-0.196460	157.969452	-0.014073
0.330292	-0.184117	165.785616	-0.015880
0.320258	-0.184822	170.853900	-0.015923
0.312496	-0.197530	171.935741	-0.016022
0.299844	-0.206560	175.650306	-0.015133
0.281845	-0.210253	172.640370	-0.014805
0.263344	-0.187629	174.890249	-0.014152
0.244271	-0.118843	176.474327	-0.014678
0.225007	-0.017211	175.939675	-0.013641
0.206380	0.105670	172.885004	-0.014667
0.178067	0.230140	169.479593	-0.013268
0.145979	0.345168	156.351651	-0.014282
0.086596	0.450700	141.586688	-0.001222
0.024132	0.518932	113.401504	0.016898
-0.066128	0.502365	95.116334	0.026613
-0.166022	0.358284	55.452423	0.032478
-0.259890	0.142454	20.805535	0.032719
-0.408433	-0.051021	-16.645817	0.029747
-0.514505	-0.193587	-30.667192	0.024891
-0.607417	-0.284999	-65.562910	0.020271
-0.662565	-0.304268	-65.638618	0.015497
-0.663389	-0.253180	-78.788000	0.010914
-0.597493	-0.151208	-73.006504	0.006971
-0.535682	-0.041925	-67.080392	0.002982
-0.397408	0.039052	-49.877912	0.000163
-0.257366	0.068913	-35.185652	-0.000597
-0.132212	0.045157	-14.273532	0.000086
0.018597	0.000273	11.844051	-0.000256
0.101681	-0.059858	40.212598	-0.001967
0.199230	-0.129275	68.202318	-0.001613
0.259066	-0.185056	91.754329	-0.002998
0.293916	-0.219004	112.163097	-0.004092
0.325825	-0.232088	131.176186	-0.005318
0.334907	-0.219440	149.025051	-0.007292
0.333064	-0.203492	160.750461	-0.010742
0.339848	-0.189106	168.540887	-0.013487
0.325732	-0.192508	169.575815	-0.014149
0.321631	-0.205825	172.716431	-0.013795
0.308764	-0.216390	173.363628	-0.013385
0.288872	-0.219306	173.915654	-0.012931
0.271485	-0.195403	173.736336	-0.013119
0.253015	-0.130725	176.062431	-0.012891
0.233330	-0.031561	175.250214	-0.013013
0.218021	0.090649	175.301172	-0.013190
0.186757	0.213892	168.600928	-0.012798
0.156978	0.329133	154.908405	-0.014378
0.096791	0.435130	141.498958	-0.001713
0.032852	0.505433	115.905447	0.017372
-0.052579	0.497565	98.238029	0.027243
-0.157608	0.369742	56.830800	0.033982
-0.249926	0.170614	24.316009	0.033822
-0.395064	-0.015350	-14.163051	0.030427
-0.504814	-0.165908	-31.092889	0.024974
-0.602011	-0.269684	-61.227341	0.020056
-0.655871	-0.301813	-61.336217	0.014972
-0.668168	-0.259103	-77.057691	0.009998
-0.608043	-0.164632	-71.410420	0.006894
-0.543813	-0.058132	-66.758577	0.001210
-0.417436	0.022473	-49.063992	-0.001266
-0.275776	0.048905	-37.647601	-0.001535
-0.150429	0.031472	-11.751417	-0.001443
-0.006799	-0.003766	8.435679	-0.001728
0.085798	-0.061641	38.533863	-0.003401
0.179471	-0.128889	62.835053	-0.003295
0.242772	-0.184385	90.997927	-0.004813
0.281186	-0.221854	108.692156	-0.005836
0.310803	-0.232704	130.738075	-0.007577
0.324689	-0.221356	146.582266	-0.011518
0.323448	-0.201168	159.715344	-0.013909
0.330233	-0.184372	165.861017	-0.015804
0.320435	-0.185132	170.523287	-0.015791
0.310513	-0.195264	170.568156	-0.015272
0.303474	-0.200568	172.573911	-0.015827
0.284157	-0.199936	172.289039	-0.015360
0.269643	-0.174037	175.791036	-0.015675
0.254992	-0.110620	175.545543	-0.015288
0.237543	-0.013920	174.892659	-0.014756
0.223534	0.107833	176.218209	-0.014996
0.196066	0.228497	168.041953	-0.015188
0.165918	0.342052	154.908831	-0.016905
0.109114	0.447388	143.020315	-0.004892
0.047651	0.521165	116.194001	0.014385
-0.039055	0.508476	97.311557	0.024018
-0.140589	0.372356	56.748976	0.030135
-0.235802	0.172307	21.101754	0.030398
-0.384566	-0.010700	-13.783435	0.027613
-0.496446	-0.161084	-34.941757	0.022017
-0.587624	-0.259594	-58.297749	0.017662
-0.654528	-0.291739	-64.371971	0.011922
-0.649156	-0.254032	-75.380761	0.007342
-0.596970	-0.160430	-75.729597	0.002201
-0.527296	-0.054651	-63.716362	-0.001256
-0.398225	0.028615	-54.070876	-0.004099
-0.258744	0.063630	-34.415463	-0.005031
-0.135232	0.047561	-14.491570	-0.005031
0.013160	0.009705	11.111630	-0.004153
0.100083	-0.045875	35.014162	-0.005596
0.195462	-0.111598	66.040909	-0.007198
0.259555	-0.166662	86.230349	-0.008643
0.297198	-0.207572	108.713908	-0.010320
0.327170	-0.215995	129.055243	-0.010628
0.342032	-0.203748	146.369168	-0.012672
0.339621	-0.182923	158.109108	-0.015609
0.347490	-0.164447	166.257739	-0.018099
0.336092	-0.160617	168.751979	-0.019013
0.325222	-0.167717	170.078911	-0.018950
0.316261	-0.174267	170.187457	-0.019524
0.294933	-0.176513	172.739586	-0.019558
0.278121	-0.155335	172.291487	-0.020154
0.260712	-0.099280	173.479138	-0.019682
0.241277	-0.003398	173.288175	-0.018183
0.227539	0.115258	175.301843	-0.019884
0.200607	0.235832	167.757627	-0.018901
0.174712	0.355423	155.593246	-0.020865
0.120009	0.457621	145.397105	-0.009722
0.059407	0.532959	118.029622	0.010064
-0.019020	0.531715	99.684371	0.020042
-0.129363	0.404305	60.690461	0.026220
-0.212758	0.206551	25.983626	0.026747
-0.367789	0.017048	-12.568461	0.023034
-0.480172	-0.136391	-30.502415	0.018901
-0.574949	-0.240524	-56.034269	0.014162
-0.649437	-0.278933	-64.058606	0.009399
-0.653695	-0.242880	-72.547893	0.005024
-0.604684	-0.153814	-76.176305	0.000185
-0.538659	-0.049135	-67.415006	-0.003748
-0.418759	0.040094	-56.996404	-0.007546
-0.269245	0.079224	-35.704060	-0.007985
-0.157744	0.068108	-17.410088	-0.008338
-0.000261	0.032357	10.541979	-0.008217
0.083596	-0.026797	31.712380	-0.008978
0.179260	-0.091751	64.943255	-0.009176
0.246099	-0.147619	82.673786	-0.009491
0.279428	-0.188825	107.823293	-0.011180
0.314376	-0.199388	126.577772	-0.013427
0.327079	-0.189901	142.079131	-0.015294
0.326258	-0.167396	156.921248	-0.018560
0.333370	-0.145418	164.164759	-0.021714
0.325875	-0.140709	168.298013	-0.022922
0.315952	-0.146158	168.728832	-0.023162
0.313144	-0.156294	171.230481	-0.022925
0.291411	-0.165001	171.159139	-0.022909
0.279081	-0.150696	172.599805	-0.021315
0.261291	-0.103434	174.044010	-0.022134
0.244643	-0.012262	175.590230	-0.021905
0.231264	0.104969	172.243736	-0.021411
0.206180	0.230565	170.291557	-0.021794
0.181491	0.354525	157.039875	-0.023128
0.131659	0.461466	148.956928	-0.013753
0.070823	0.542785	119.388229	0.006018
-0.000682	0.554119	102.845237	0.017646
-0.110386	0.438364	65.085903	0.024536
-0.195161	0.243835	29.489019	0.024400
-0.336891	0.049289	-10.362942	0.022138
-0.464078	-0.110572	-24.940784	0.018215
-0.554210	-0.219101	-56.630399	0.013739
-0.629097	-0.269102	-59.028682	0.008498
-0.655825	-0.240433	-74.883250	0.004081
-0.595838	-0.159013	-75.219397	-0.000040
-0.555886	-0.055285	-69.294557	-0.003588
-0.429896	0.036991	-56.234092	-0.006527
-0.287463	0.082128	-36.835781	-0.009205
-0.177542	0.071777	-19.781423	-0.009426
-0.011285	0.037692	7.641628	-0.009517
