MBK	ACC	OVV	EGG
0.183783	-0.161956	135.496184	-0.068087
0.043988	-0.168042	120.366547	-0.071720
-0.077092	-0.167940	104.892857	-0.075687
-0.153567	-0.160520	115.298499	-0.076310
-0.127586	-0.143692	138.396413	-0.079103
-0.028228	-0.112210	168.208485	-0.076728
0.050404	-0.069943	182.944296	-0.078744
0.110753	-0.024730	178.240518	-0.076807
0.144992	0.014958	179.656035	-0.078121
0.169806	0.044232	177.661856	-0.076706
0.150938	0.065824	168.011583	-0.079498
0.056842	0.094758	155.648505	-0.076757
-0.061151	0.145277	142.262203	-0.072547
-0.124928	0.248537	130.657957	-0.072357
-0.168496	0.397212	117.249373	-0.043476
-0.189182	0.533785	87.422223	0.074745
-0.230503	0.563584	36.699693	0.109571
-0.332406	0.436441	-65.951079	0.118557
-0.583250	0.253590	-141.703908	0.113147
-0.766530	0.099324	-151.480158	0.109051
-0.725064	-0.026938	6.872773	0.097883
-0.191281	-0.136988	183.297850	0.086603
0.416053	-0.174759	204.214360	0.074292
0.547887	-0.130431	133.967452	0.064193
0.443127	-0.065561	107.296519	0.051257
0.463164	-0.047889	127.096731	0.043189
0.368658	-0.076784	104.025571	0.030880
0.093437	-0.125477	64.533903	0.020991
-0.150831	-0.167264	46.438195	0.009655
-0.232351	-0.203183	52.663008	0.000886
-0.180906	-0.233360	89.494953	-0.010915
-0.144637	-0.244499	121.963237	-0.019955
-0.069000	-0.227104	138.439144	-0.028592
0.152595	-0.190475	153.781490	-0.038555
0.333208	-0.156237	136.043689	-0.049189
0.337308	-0.145725	125.682124	-0.058635
0.209638	-0.150819	138.783825	-0.072544
0.060282	-0.158875	132.094051	-0.076693
-0.054089	-0.162078	110.236982	-0.080948
-0.128877	-0.158521	113.125043	-0.081928
-0.140596	-0.146508	131.026098	-0.084110
-0.061991	-0.118737	162.856763	-0.080469
0.021282	-0.074761	180.481995	-0.086776
0.082261	-0.028734	178.360809	-0.082526
0.122174	0.014427	179.165284	-0.083727
0.164946	0.047007	180.543954	-0.082846
0.158485	0.067098	172.912411	-0.083643
0.093884	0.093164	159.750106	-0.080078
-0.024015	0.137466	147.708336	-0.081280
-0.097400	0.229355	138.679004	-0.072854
-0.130620	0.369750	126.072175	-0.066640
-0.153375	0.511437	95.567123	0.035130
-0.218318	0.578323	44.313418	0.106147
-0.302059	0.487738	-44.705987	0.109751
-0.537043	0.308001	-126.904780	0.111515
-0.739912	0.138832	-153.855275	0.106449
-0.752474	0.006291	-42.357463	0.097224
-0.362108	-0.109173	143.943693	0.084468
0.270519	-0.165786	201.438872	0.073152
0.540062	-0.138540	155.277838	0.063837
0.460560	-0.072492	112.134192	0.051120
0.467503	-0.041299	131.263872	0.043216
0.439235	-0.059133	115.705444	0.030570
0.181471	-0.106094	73.043270	0.020916
-0.082380	-0.153977	51.237407	0.012763
-0.209896	-0.193851	56.807712	0.001165
-0.200229	-0.226722	71.134710	-0.009640
-0.167193	-0.244631	112.572711	-0.018648
-0.109573	-0.232630	131.311675	-0.027400
0.088645	-0.196983	152.170184	-0.038755
0.293166	-0.156768	144.945967	-0.048301
0.338939	-0.137217	128.351944	-0.058862
0.248504	-0.142666	135.893195	-0.071385
0.111621	-0.154716	142.634616	-0.075740
-0.016935	-0.161165	114.595089	-0.082192
-0.107507	-0.161658	114.600782	-0.083042
-0.133584	-0.153242	134.227775	-0.083866
-0.062592	-0.128329	157.239970	-0.082343
0.003824	-0.081233	171.843578	-0.085682
0.046628	-0.026588	177.808663	-0.081849
0.104938	0.021668	178.348778	-0.084317
0.162826	0.056681	180.839851	-0.082476
0.159347	0.080285	168.800360	-0.082780
0.101678	0.105936	161.978874	-0.079948
-0.002502	0.149364	154.239453	-0.079172
-0.071492	0.230295	144.191060	-0.072602
-0.114374	0.365268	125.800756	-0.069356
-0.154212	0.509229	94.690043	0.035496
-0.221091	0.580094	49.327921	0.107095
-0.299132	0.491094	-35.316992	0.108640
-0.518297	0.312227	-126.026085	0.112602
-0.741154	0.146603	-152.866590	0.106271
-0.763416	0.017573	-48.720585	0.096214
-0.377873	-0.096847	137.883289	0.087079
0.250238	-0.155378	193.516616	0.075152
0.516646	-0.130097	152.064047	0.062401
0.460232	-0.063493	117.560777	0.052262
0.501626	-0.032332	139.892559	0.040314
0.498845	-0.052330	124.419602	0.031257
0.230632	-0.102627	79.168276	0.020916
-0.050779	-0.151285	55.982050	0.010479
-0.172581	-0.190885	63.967374	-0.002262
-0.169659	-0.224658	65.952611	-0.010520
-0.170365	-0.243179	103.151892	-0.019288
-0.126315	-0.230367	128.927233	-0.028848
0.075610	-0.190932	149.043579	-0.037692
0.286618	-0.149014	144.246385	-0.048468
0.334166	-0.129113	132.859831	-0.059584
0.261700	-0.130751	140.049864	-0.072439
0.152612	-0.139938	147.966242	-0.076831
0.037587	-0.152744	121.019503	-0.083072
-0.070108	-0.158169	115.105215	-0.083584
-0.123927	-0.150322	131.084103	-0.086115
-0.074500	-0.128348	155.474602	-0.087330
-0.003403	-0.085524	171.679670	-0.086530
0.043243	-0.031616	173.497277	-0.083307
0.087791	0.019506	173.727413	-0.086546
0.154419	0.058176	179.845504	-0.084683
0.177254	0.084084	173.502216	-0.085977
0.124250	0.111267	164.871619	-0.082230
0.021989	0.153427	158.536028	-0.082528
-0.044420	0.236275	149.834328	-0.072949
-0.091634	0.366687	128.655416	-0.071797
-0.136566	0.499537	97.478382	0.026188
-0.208167	0.571905	50.355772	0.102886
-0.308094	0.497905	-37.537971	0.108358
-0.531532	0.324917	-115.052179	0.113690
-0.717171	0.153723	-144.370330	0.105717
-0.736680	0.023478	-63.246148	0.095507
-0.416374	-0.086491	116.480080	0.085901
0.188804	-0.146286	176.030919	0.075440
0.496076	-0.127207	151.367674	0.062859
0.475865	-0.065334	121.280025	0.053296
0.510174	-0.031589	142.650071	0.040401
0.518605	-0.047684	131.922933	0.031620
0.281315	-0.098493	88.692079	0.021229
0.005272	-0.150976	62.687724	0.011703
-0.153109	-0.192634	61.968737	-0.000136
-0.181096	-0.224487	62.347437	-0.007135
-0.184093	-0.242399	99.580491	-0.017663
-0.146059	-0.232961	120.572186	-0.026494
0.037220	-0.197264	138.733430	-0.035005
0.231883	-0.151680	137.775806	-0.047027
0.297235	-0.125484	133.277429	-0.054791
0.272135	-0.125959	147.071816	-0.067329
0.197268	-0.136596	156.435534	-0.074587
0.080381	-0.149223	123.095058	-0.079883
-0.039000	-0.158605	118.100021	-0.079169
-0.090679	-0.158741	132.999882	-0.080976
-0.059109	-0.142142	151.928885	-0.081235
-0.018727	-0.100911	167.055758	-0.082535
0.022259	-0.045391	174.133700	-0.081225
0.088132	0.012586	174.621447	-0.082488
0.158323	0.060224	178.691359	-0.081311
0.169552	0.093210	172.963974	-0.082421
0.129869	0.122121	168.864952	-0.078850
0.052410	0.159792	157.812948	-0.078372
-0.021825	0.228673	147.743512	-0.071692
-0.081681	0.348046	126.995304	-0.071427
-0.122299	0.479545	100.614118	0.015266
-0.188638	0.565284	59.988852	0.106319
-0.276013	0.506056	-20.282632	0.111605
-0.478696	0.335598	-108.439525	0.118298
-0.696851	0.162399	-146.503830	0.109641
-0.752288	0.031678	-82.408541	0.104348
-0.469567	-0.080284	98.758562	0.092310
0.123126	-0.145905	169.353360	0.079782
0.447123	-0.131959	151.729307	0.068845
0.454294	-0.069031	128.603893	0.058579
0.520564	-0.029136	144.966567	0.044165
0.562304	-0.041658	138.414474	0.038398
0.330266	-0.094489	100.337008	0.026935
0.064168	-0.153642	72.413194	0.017057
-0.097829	-0.197524	68.717950	0.005778
-0.166499	-0.231504	53.924162	-0.003375
-0.204744	-0.253468	90.760546	-0.014346
-0.174466	-0.243361	118.300414	-0.021258
-0.002013	-0.202772	128.741155	-0.031626
0.182936	-0.153943	133.028763	-0.041796
0.264008	-0.125027	130.430134	-0.053385
0.270368	-0.121422	140.660181	-0.067136
0.206924	-0.129513	158.714928	-0.073375
0.109946	-0.143662	132.562585	-0.078325
0.007741	-0.160434	123.435750	-0.081431
-0.065159	-0.165900	132.910748	-0.081124
-0.061174	-0.151653	144.121703	-0.081586
-0.039490	-0.115315	160.448066	-0.082088
-0.010930	-0.065219	172.078686	-0.081962
0.056001	-0.009850	167.497214	-0.080785
0.113004	0.041698	172.417780	-0.081836
0.134186	0.081884	172.035953	-0.080190
0.128380	0.108999	175.581941	-0.079140
0.066295	0.139346	166.983646	-0.079373
-0.006153	0.197182	150.930630	-0.072669
-0.067029	0.313293	136.149723	-0.073346
-0.103894	0.447055	116.150178	-0.018083
-0.149183	0.547967	79.011185	0.093395
-0.243444	0.524797	2.156773	0.110717
-0.454755	0.375967	-97.850465	0.117114
-0.693091	0.198427	-138.546453	0.110008
-0.765939	0.056608	-109.280070	0.107244
-0.596382	-0.061180	45.844653	0.091681
-0.084511	-0.142810	145.533725	0.083210
0.324740	-0.148243	145.992349	0.072114
0.409639	-0.089151	126.686817	0.061669
0.476289	-0.035421	148.735160	0.047203
0.580687	-0.033103	156.681515	0.041814
0.438092	-0.077871	120.843470	0.026802
0.177132	-0.139115	80.498945	0.019172
-0.015909	-0.190858	72.579819	0.009180
-0.128940	-0.232405	53.042592	-0.000269
-0.206965	-0.262300	74.306275	-0.012290
-0.214429	-0.262563	107.359083	-0.018206
-0.087379	-0.226867	116.140675	-0.030460
0.093775	-0.171468	125.730598	-0.039287
0.196591	-0.129797	124.281119	-0.049941
0.228437	-0.116476	137.448835	-0.062693
0.215407	-0.122602	167.678695	-0.070037
0.138944	-0.138079	137.743532	-0.074267
0.031454	-0.159054	126.749645	-0.078141
-0.024257	-0.173147	140.474414	-0.079668
-0.028854	-0.168537	142.476770	-0.078123
-0.034620	-0.136804	157.339183	-0.079167
-0.026514	-0.087963	169.874468	-0.078655
0.031646	-0.027277	161.250851	-0.077563
0.078503	0.030710	167.080597	-0.082848
0.095564	0.075432	164.411740	-0.075814
0.093815	0.104926	168.495839	-0.075324
0.055967	0.138577	165.063783	-0.074268
-0.002661	0.187838	154.890043	-0.069347
-0.041658	0.285148	141.674000	-0.067270
-0.073190	0.411023	123.042218	-0.037091
-0.123368	0.521834	85.647099	0.080947
-0.216926	0.526427	24.311840	0.115296
-0.381791	0.393786	-73.135058	0.116751
-0.627817	0.214326	-127.890275	0.117673
-0.756153	0.068308	-126.774773	0.112872
-0.676043	-0.045522	7.424450	0.100852
-0.227319	-0.131642	124.275915	0.090768
0.226153	-0.149989	135.412372	0.078047
0.353409	-0.099677	124.765020	0.067094
0.423822	-0.038370	142.746134	0.055516
0.577611	-0.024656	160.250439	0.046950
0.499692	-0.065160	138.707991	0.033402
0.257984	-0.131230	98.114357	0.025317
0.067587	-0.190108	86.020583	0.011877
-0.072596	-0.234974	58.483316	0.003718
-0.179673	-0.268241	64.396334	-0.007175
-0.221754	-0.275186	102.192276	-0.015974
-0.145817	-0.244810	107.901359	-0.025366
0.013286	-0.190109	111.188038	-0.034809
0.115623	-0.139981	119.511330	-0.044347
0.178997	-0.114797	130.995651	-0.056888
0.205073	-0.113914	164.784515	-0.067034
0.157345	-0.127453	154.464228	-0.072238
0.080010	-0.151769	132.358815	-0.074218
0.029013	-0.171374	142.996247	-0.073312
0.005924	-0.173817	147.720908	-0.077282
-0.004283	-0.155102	154.478113	-0.076037
-0.019974	-0.114409	170.647939	-0.077141
0.016858	-0.055911	161.566450	-0.076371
0.058743	0.010548	160.353854	-0.077083
0.065609	0.067993	163.333364	-0.074608
0.072285	0.107304	166.068778	-0.075813
0.059746	0.143724	163.745071	-0.073769
-0.007478	0.194992	154.476413	-0.068460
-0.041007	0.293354	142.219458	-0.067417
-0.054229	0.416947	129.650216	-0.036279
-0.094163	0.525460	93.911698	0.081617
-0.181803	0.532555	32.558323	0.116477
-0.354285	0.399063	-67.853865	0.121596
-0.607949	0.215954	-127.837056	0.118721
-0.743068	0.067287	-134.677218	0.112530
-0.708273	-0.047415	-8.159992	0.102208
-0.284079	-0.135141	107.707315	0.092259
0.167612	-0.150465	121.263778	0.079268
0.305359	-0.096832	112.018515	0.069562
0.398491	-0.031622	142.528645	0.057325
0.600053	-0.014076	171.159166	0.047991
0.554562	-0.053348	144.100537	0.035125
0.320327	-0.123292	110.228829	0.029815
0.145774	-0.186929	95.166473	0.013038
-0.003138	-0.238997	58.655672	0.006832
-0.149601	-0.279897	61.896377	-0.004535
-0.224654	-0.293004	96.688645	-0.014629
-0.168473	-0.261766	95.034819	-0.022582
-0.036185	-0.200502	100.207955	-0.029864
0.061727	-0.142885	106.843529	-0.042103
0.139674	-0.111998	125.399573	-0.051885
0.196532	-0.102560	159.721917	-0.063383
0.175620	-0.110582	152.672770	-0.069886
0.117621	-0.134591	138.137022	-0.073453
0.085008	-0.160893	149.708066	-0.072527
0.060797	-0.173448	147.366405	-0.077786
0.020011	-0.163184	150.675095	-0.075081
-0.011406	-0.129357	166.517926	-0.077076
0.019236	-0.076612	157.525065	-0.074517
0.042464	-0.016879	150.846965	-0.077082
0.041331	0.040835	156.578055	-0.073040
0.056715	0.088540	162.974730	-0.077661
0.054887	0.127675	165.959712	-0.068583
0.013277	0.172723	158.849626	-0.073136
-0.007369	0.254660	147.831973	-0.063583
-0.020667	0.377895	140.828999	-0.060647
-0.031850	0.496824	109.951412	0.039944
-0.118228	0.551136	63.630954	0.116883
-0.268071	0.457859	-28.175176	0.118055
-0.504702	0.273531	-101.644434	0.123316
-0.686334	0.104600	-140.341978	0.114207
-0.753980	-0.018041	-77.168006	0.110054
-0.494447	-0.116653	70.940750	0.094100
0.007857	-0.159338	105.590438	0.084213
0.227216	-0.123660	100.209354	0.073719
0.307235	-0.049479	124.340706	0.064677
0.517125	-0.005866	166.156885	0.052792
0.626284	-0.024624	163.600196	0.043116
0.445863	-0.091383	132.905633	0.033159
0.274007	-0.164273	115.264103	0.021314
0.121757	-0.222576	85.714272	0.012441
-0.039353	-0.271429	60.292040	0.001505
-0.163807	-0.300082	88.347697	-0.009245
-0.183633	-0.283495	92.189432	-0.016525
-0.103170	-0.227067	85.090930	-0.026018
-0.019893	-0.160182	92.103517	-0.036149
0.043375	-0.114814	102.646105	-0.046269
0.119490	-0.094574	140.060225	-0.057603
0.144956	-0.095231	155.630640	-0.065119
0.119914	-0.115975	138.312328	-0.068278
0.123849	-0.144004	152.440795	-0.070883
0.128045	-0.164529	156.429649	-0.075525
0.098482	-0.167651	155.153514	-0.071030
0.062169	-0.147158	168.807623	-0.076543
0.055251	-0.103604	162.710133	-0.073655
0.065938	-0.043723	149.193908	-0.075594
0.047288	0.020103	149.714396	-0.073154
0.034383	0.073089	153.072019	-0.075371
0.032076	0.116576	156.789320	-0.068304
-0.004995	0.164092	153.015987	-0.073676
-0.031102	0.239081	143.981634	-0.061358
-0.022538	0.358811	142.139381	-0.064313
-0.008034	0.481529	122.483612	0.009822
-0.059354	0.554109	81.072938	0.111656
-0.181968	0.488220	0.085981	0.115998
-0.399884	0.309349	-83.300717	0.123354
-0.617368	0.126866	-125.958649	0.115150
-0.715341	-0.005410	-103.433814	0.110801
-0.598006	-0.107898	32.406178	0.096407
-0.145508	-0.165122	87.857256	0.086407
0.131587	-0.140211	81.277005	0.077093
0.216760	-0.062437	102.667859	0.064628
0.420345	-0.003914	152.105155	0.055763
0.620890	-0.008152	170.955617	0.044506
0.525154	-0.065955	143.991680	0.032929
0.362213	-0.142795	132.213767	0.022959
0.250506	-0.208165	108.557655	0.012844
0.074955	-0.264343	70.058884	0.001343
-0.082467	-0.305399	86.577604	-0.007352
-0.152312	-0.305192	93.509150	-0.015529
-0.132190	-0.254841	76.127307	-0.026538
-0.080902	-0.185036	75.335037	-0.034143
-0.041883	-0.128034	89.637466	-0.045174
0.046633	-0.097007	121.103935	-0.058371
0.086003	-0.088322	141.205817	-0.066078
0.077615	-0.102531	137.906216	-0.070356
0.109705	-0.129214	147.219892	-0.072502
0.153025	-0.153348	164.699320	-0.074667
0.140393	-0.163048	161.537852	-0.074433
0.110951	-0.154363	174.906736	-0.078620
0.104554	-0.119453	173.223313	-0.073292
0.101166	-0.065492	153.332211	-0.076156
0.054094	-0.004525	147.241514	-0.074256
0.016316	0.049212	151.416082	-0.076540
-0.002885	0.102537	149.435779	-0.071144
-0.044212	0.160972	147.141543	-0.072942
-0.080866	0.239600	139.098040	-0.062566
-0.052135	0.359661	136.997199	-0.065503
-0.044027	0.491981	115.610405	0.009450
-0.082612	0.574499	88.500941	0.109152
-0.157364	0.510509	15.168763	0.117384
-0.343597	0.323989	-70.492611	0.124995
-0.579742	0.136820	-123.966970	0.119284
-0.696354	0.000097	-104.451109	0.112673
-0.605691	-0.109648	20.993254	0.100963
-0.177080	-0.173902	70.504198	0.091128
0.054195	-0.150109	56.767719	0.079202
0.132406	-0.065952	93.592115	0.068277
0.381394	0.004709	138.615599	0.060333
0.596535	0.008852	164.219196	0.046842
0.510499	-0.044533	145.510609	0.038698
0.400698	-0.121630	143.743351	0.026142
0.315263	-0.190325	117.705228	0.016560
0.146561	-0.257021	74.944695	0.005154
-0.052044	-0.308669	91.245476	-0.003333
-0.113294	-0.318300	101.612317	-0.014338
-0.132995	-0.272403	64.728679	-0.022960
-0.110166	-0.205084	70.473690	-0.033332
-0.122257	-0.142063	67.198090	-0.039147
-0.001011	-0.103986	113.034888	-0.056798
0.008274	-0.077728	115.527774	-0.058160
0.072313	-0.088260	146.819142	-0.078619
