MBK	ACC	OVV	EGG
-0.118996	-0.059592	38.480048	-0.056365
-0.039946	-0.053168	39.371349	-0.058470
0.078959	-0.046587	43.449602	-0.062682
0.226730	-0.039305	49.499422	-0.064825
0.346411	-0.033199	57.631097	-0.064795
0.397168	-0.026334	65.756377	-0.065852
0.376002	-0.019392	74.047233	-0.066051
0.271344	-0.012930	81.108690	-0.064756
0.140876	-0.005642	87.039063	-0.065394
-0.015208	0.003059	91.657202	-0.065281
-0.128446	0.012799	94.343580	-0.066642
-0.224762	0.026548	94.678729	-0.065341
-0.270933	0.043347	92.555358	-0.067727
-0.307158	0.063841	88.495770	-0.054636
-0.329135	0.086379	82.432332	-0.003593
-0.352076	0.099654	74.652744	0.022101
-0.367961	0.098402	65.608365	0.032625
-0.398832	0.087737	54.876568	0.036697
-0.436972	0.070361	41.454779	0.040403
-0.488596	0.049453	25.134815	0.041217
-0.465391	0.026821	9.318885	0.038410
-0.330858	0.007156	-0.460784	0.034683
-0.082984	-0.003349	-2.099351	0.032021
0.268492	-0.006550	4.561488	0.024980
0.538959	-0.007243	14.974234	0.020631
0.694392	-0.012309	24.315716	0.014700
0.619968	-0.020019	31.998331	0.009236
0.430416	-0.031508	36.172347	0.003684
0.173022	-0.041931	39.375766	-0.003143
0.008858	-0.054018	41.424137	-0.011119
-0.071871	-0.064778	44.215802	-0.016056
-0.062459	-0.071889	46.959899	-0.024272
-0.025888	-0.075538	49.070287	-0.030949
-0.028789	-0.073403	49.055503	-0.038956
-0.059450	-0.070387	46.521829	-0.043861
-0.114676	-0.065988	42.861428	-0.049810
-0.146560	-0.061124	39.919245	-0.053462
-0.121152	-0.055769	39.464583	-0.057113
-0.014882	-0.049662	42.281490	-0.059416
0.117705	-0.043497	47.647832	-0.061401
0.274015	-0.037102	55.068999	-0.062930
0.356750	-0.029710	64.016171	-0.065203
0.376313	-0.022697	72.480215	-0.065614
0.296965	-0.014923	80.143150	-0.067135
0.171908	-0.008186	86.447442	-0.068103
0.010264	-0.000462	91.365886	-0.071455
-0.124851	0.009317	94.456925	-0.072353
-0.228437	0.021088	95.613756	-0.072134
-0.293281	0.036707	94.702713	-0.072364
-0.322209	0.056325	91.251201	-0.069499
-0.349017	0.079744	85.703662	-0.020689
-0.367793	0.096804	78.123552	0.012423
-0.386487	0.100138	69.414880	0.025890
-0.411404	0.091817	59.229164	0.032437
-0.452094	0.076508	46.310984	0.037272
-0.497775	0.056904	30.476976	0.037552
-0.507508	0.033903	13.604619	0.035970
-0.395616	0.013252	1.550744	0.033543
-0.186196	0.000030	-2.573919	0.030628
0.160195	-0.005473	1.590664	0.024518
0.462376	-0.006721	11.468239	0.019226
0.666310	-0.010904	21.250075	0.013710
0.656229	-0.018276	29.552033	0.008280
0.487534	-0.028089	34.604812	0.003185
0.243716	-0.039565	38.050955	-0.004223
0.039102	-0.050271	40.813363	-0.010890
-0.056796	-0.061411	43.533174	-0.017548
-0.079332	-0.071188	46.786116	-0.023529
-0.040397	-0.076134	49.341481	-0.031702
-0.040312	-0.076099	49.736865	-0.037251
-0.058792	-0.072514	47.864404	-0.043838
-0.112246	-0.068054	44.394721	-0.049246
-0.140028	-0.063362	41.518989	-0.053050
-0.129900	-0.057451	40.611371	-0.058007
-0.038155	-0.051166	42.531158	-0.059458
0.083578	-0.044463	46.981976	-0.062189
0.233901	-0.037532	53.723040	-0.065085
0.330569	-0.031324	61.926145	-0.065649
0.370572	-0.024433	70.003784	-0.066023
0.320981	-0.017250	78.059199	-0.068837
0.209772	-0.010640	84.744611	-0.067837
0.066306	-0.003344	90.327034	-0.071403
-0.079278	0.006170	94.127961	-0.070142
-0.184549	0.018015	96.202351	-0.071652
-0.266376	0.031977	95.856202	-0.068643
-0.302880	0.049184	93.153788	-0.073039
-0.333677	0.071470	88.391714	-0.042717
-0.349683	0.091727	81.878095	0.007305
-0.372993	0.101167	73.805849	0.023951
-0.387423	0.096582	64.537633	0.035675
-0.420681	0.083475	53.524150	0.039220
-0.461265	0.065732	39.180825	0.043150
-0.500582	0.044930	22.689509	0.041787
-0.443574	0.023409	8.303841	0.039306
-0.285695	0.005731	0.557429	0.032565
-0.005598	-0.002762	0.723227	0.027884
0.329807	-0.005246	8.138045	0.021997
0.571324	-0.006970	17.878367	0.018830
0.671971	-0.012032	26.546947	0.012076
0.567477	-0.021590	33.080657	0.006485
0.366290	-0.032283	37.027921	0.000618
0.134245	-0.043507	40.216841	-0.003133
0.002703	-0.053748	42.719377	-0.012761
-0.063310	-0.064784	45.541293	-0.019013
-0.041345	-0.071359	48.025168	-0.025473
-0.020501	-0.072914	49.400638	-0.034252
-0.027116	-0.070922	48.806302	-0.039867
-0.057679	-0.067424	46.373157	-0.044184
-0.099251	-0.062783	43.060489	-0.051675
-0.114585	-0.057460	40.769647	-0.053993
-0.064985	-0.051404	40.848990	-0.058605
0.041938	-0.044877	44.006564	-0.059823
0.177822	-0.038970	49.738128	-0.064140
0.314883	-0.032565	57.478410	-0.063318
0.381389	-0.025699	65.767715	-0.065999
0.381692	-0.019083	73.899022	-0.064956
0.292325	-0.012125	81.468297	-0.065875
0.161591	-0.005001	87.613636	-0.067353
0.007639	0.004121	92.210866	-0.067032
-0.113217	0.013792	95.043528	-0.066885
-0.209900	0.025488	95.994689	-0.068423
-0.261914	0.040705	94.656877	-0.067535
-0.293437	0.060622	91.122028	-0.062420
-0.320324	0.083725	85.147087	-0.015413
-0.338857	0.099035	77.828692	0.015914
-0.353548	0.100639	69.145349	0.023501
-0.373966	0.090861	59.053595	0.031121
-0.404825	0.075211	46.574787	0.035442
-0.450448	0.055367	31.122742	0.036745
-0.452203	0.033311	14.873403	0.034338
-0.341497	0.012954	3.218405	0.031426
-0.127857	0.000708	-0.581224	0.028223
0.209910	-0.003833	4.173578	0.022205
0.502264	-0.004751	13.998513	0.018817
0.690794	-0.008042	23.759223	0.011576
0.660974	-0.016247	31.551219	0.006756
0.492339	-0.026658	36.048941	0.000720
0.244033	-0.037371	39.435869	-0.005209
0.056512	-0.049049	41.778961	-0.013631
-0.028288	-0.059588	44.574163	-0.018751
-0.036877	-0.067867	47.412566	-0.026560
0.009162	-0.072040	49.719677	-0.033702
0.009218	-0.071650	50.353177	-0.038992
-0.011039	-0.068298	48.511818	-0.045093
-0.070042	-0.063550	45.057674	-0.050387
-0.102707	-0.059770	41.900303	-0.053836
-0.094858	-0.053695	40.943799	-0.057315
-0.001241	-0.047655	42.897581	-0.059990
0.122496	-0.040623	47.700381	-0.063820
0.276236	-0.034055	54.373896	-0.063860
0.372573	-0.028316	62.509954	-0.064238
0.409032	-0.021664	70.610405	-0.064026
0.352256	-0.013900	78.632046	-0.067401
0.239750	-0.006328	85.216454	-0.067326
0.092332	0.000741	90.671921	-0.067670
-0.046552	0.009711	94.184747	-0.067582
-0.147073	0.020118	96.140399	-0.069607
-0.219630	0.033830	95.518570	-0.068771
-0.251303	0.051180	92.877877	-0.072863
-0.284315	0.073780	87.826399	-0.038331
-0.301480	0.093824	80.933961	0.004320
-0.323653	0.100921	72.771242	0.020234
-0.335938	0.095596	63.901087	0.031979
-0.370949	0.082187	52.630685	0.035602
-0.409691	0.063880	38.168456	0.037366
-0.451807	0.043457	21.565754	0.036442
-0.388323	0.020723	7.161333	0.035873
-0.230923	0.005130	0.253155	0.032068
0.063068	-0.001908	1.274477	0.030354
0.390633	-0.003531	9.510107	0.023448
0.622626	-0.006027	19.176852	0.019227
0.701299	-0.012479	28.034978	0.013732
0.570537	-0.021665	34.197010	0.007524
0.361192	-0.032133	38.201657	-0.000333
0.128790	-0.042278	40.979745	-0.006140
0.017146	-0.054290	43.111588	-0.013882
-0.034113	-0.063894	45.807653	-0.020271
0.004962	-0.070709	49.417235	-0.026760
0.018640	-0.071840	50.768082	-0.032971
0.008021	-0.069505	49.786115	-0.040221
-0.041926	-0.065983	46.820434	-0.046848
-0.089451	-0.061588	43.431367	-0.053098
-0.106818	-0.056224	41.488082	-0.056014
-0.045034	-0.049667	42.083474	-0.058859
0.067615	-0.043015	45.850852	-0.062297
0.212448	-0.036789	51.943716	-0.062860
0.341756	-0.029022	59.622854	-0.064966
0.395800	-0.022402	67.629246	-0.067512
0.383055	-0.015095	75.742051	-0.066715
0.281543	-0.008599	82.520275	-0.067092
0.152999	-0.001808	88.415480	-0.067967
-0.003446	0.006597	92.786425	-0.068406
-0.114299	0.015948	95.199336	-0.067899
-0.207754	0.028337	95.713998	-0.070627
-0.250838	0.043403	93.987158	-0.070651
-0.279094	0.063834	90.090370	-0.061285
-0.300568	0.085627	84.403571	-0.013461
-0.317929	0.099775	77.091256	0.015551
-0.334331	0.099824	68.662016	0.027045
-0.364626	0.089845	58.312848	0.032217
-0.404217	0.073456	45.425749	0.036845
-0.458485	0.052807	29.670502	0.036977
-0.453358	0.031322	13.773358	0.033839
-0.333985	0.011498	3.379494	0.031845
-0.110989	0.000777	0.347238	0.027133
0.225746	-0.003350	5.363779	0.019509
0.501940	-0.004662	15.077617	0.013042
0.672127	-0.008420	24.214199	0.009302
0.628910	-0.016196	32.192071	0.003436
0.458219	-0.027056	36.584336	-0.004128
0.219397	-0.036551	39.811171	-0.009011
0.046391	-0.047902	42.007377	-0.016801
-0.030736	-0.058703	44.778509	-0.022068
-0.036233	-0.066894	47.773991	-0.029616
0.004686	-0.071129	50.235449	-0.036708
0.001092	-0.070152	50.615288	-0.042091
-0.026762	-0.066683	48.414591	-0.049170
-0.083312	-0.062637	45.073299	-0.054541
-0.119234	-0.057908	42.368486	-0.057418
-0.101125	-0.052403	41.264494	-0.060851
-0.006416	-0.045701	43.604216	-0.064358
0.122279	-0.038667	48.406618	-0.067536
0.270596	-0.032791	55.396542	-0.068035
0.358486	-0.025459	63.607292	-0.069647
0.380523	-0.019171	71.451162	-0.068756
0.311279	-0.012200	78.740457	-0.069774
0.192678	-0.004669	84.984332	-0.068987
0.045836	0.003635	89.992353	-0.071027
-0.084620	0.012844	93.617393	-0.072237
-0.177677	0.023304	95.425247	-0.071947
-0.246861	0.037767	94.786498	-0.069320
-0.281356	0.056060	91.634922	-0.071595
-0.318084	0.077696	86.065752	-0.031292
-0.341990	0.095325	78.782047	0.009773
-0.362341	0.098808	70.400865	0.021704
-0.374380	0.092203	60.996949	0.033341
-0.402325	0.078523	49.297936	0.035363
-0.433212	0.059164	34.803744	0.036149
-0.452973	0.039078	19.034942	0.035251
-0.367754	0.017837	6.319395	0.032331
-0.195410	0.003261	0.611975	0.027429
0.106002	-0.002852	2.582811	0.023493
0.405361	-0.004075	11.014697	0.019267
0.617536	-0.007632	20.674304	0.012410
0.660862	-0.013940	29.132790	0.008035
0.524342	-0.023670	35.162494	0.002725
0.313668	-0.034325	38.720810	-0.000610
0.094203	-0.044495	41.177841	-0.006821
-0.009897	-0.056158	43.732937	-0.012779
-0.054028	-0.064798	46.616809	-0.021131
-0.015434	-0.070281	49.437125	-0.026246
-0.006970	-0.070821	50.738327	-0.034273
-0.016297	-0.068166	49.528996	-0.041917
-0.066591	-0.063837	46.538620	-0.047623
-0.108328	-0.059904	43.173008	-0.052635
-0.118432	-0.054240	41.504273	-0.057721
-0.051066	-0.047791	42.471071	-0.059326
0.063010	-0.041267	46.745260	-0.062619
0.205564	-0.033969	52.974944	-0.063607
0.322566	-0.028603	60.944914	-0.065053
0.366293	-0.021572	69.155610	-0.066924
0.337965	-0.014381	76.845754	-0.068307
0.230891	-0.006376	83.435356	-0.067649
0.101903	0.001447	88.988584	-0.068884
-0.046150	0.010597	93.226817	-0.068340
-0.146323	0.020191	95.630025	-0.070536
-0.232770	0.033237	96.004304	-0.069427
-0.275214	0.049188	93.499493	-0.072339
-0.314849	0.070099	88.892459	-0.049013
-0.339869	0.090298	81.871744	-0.001656
-0.359172	0.099435	73.836927	0.018936
-0.368892	0.096308	65.048323	0.029186
-0.388486	0.085520	54.682571	0.035480
-0.417527	0.068865	41.434780	0.038832
-0.457562	0.047901	25.640587	0.036852
-0.422339	0.025968	10.883614	0.035596
-0.291854	0.008423	2.013832	0.032321
-0.042749	-0.000268	0.817913	0.028112
0.285514	-0.004296	7.549908	0.022110
0.536720	-0.005852	17.325614	0.017615
0.669519	-0.011423	26.661901	0.012229
0.585053	-0.019987	33.898019	0.006339
0.401302	-0.029065	37.963272	0.000373
0.159518	-0.039881	40.960196	-0.006216
0.013634	-0.051311	43.129238	-0.015337
-0.060182	-0.061224	45.911042	-0.023222
-0.045214	-0.068892	48.779359	-0.031640
-0.016879	-0.070611	50.781516	-0.038092
-0.020110	-0.069581	50.496039	-0.046089
-0.051028	-0.065854	48.321830	-0.051443
-0.099894	-0.061893	44.912114	-0.057741
-0.124824	-0.056617	42.290667	-0.060179
-0.088319	-0.051275	41.952306	-0.064087
0.017047	-0.044642	44.955071	-0.066832
0.148719	-0.037566	50.185589	-0.068374
0.294135	-0.031206	57.350198	-0.069257
0.368738	-0.024650	65.483010	-0.070735
0.385131	-0.017598	73.527088	-0.070401
0.303549	-0.010589	81.110947	-0.072107
0.186365	-0.002743	87.095897	-0.072987
0.029511	0.005106	92.047838	-0.072928
-0.096152	0.014942	94.963339	-0.074068
-0.194799	0.025969	96.087056	-0.075922
-0.252862	0.040525	94.710541	-0.073853
-0.282951	0.058617	91.258703	-0.072029
-0.308939	0.080944	85.744131	-0.027609
-0.328892	0.096959	78.268582	0.010822
-0.348653	0.099907	69.785920	0.022515
-0.366990	0.091344	60.062727	0.029941
-0.399118	0.076679	47.980945	0.035810
-0.435850	0.057094	33.387804	0.036374
-0.447072	0.036325	17.381095	0.034848
-0.352407	0.015465	5.127033	0.032607
-0.166081	0.002426	0.375342	0.027773
0.148866	-0.003265	3.529008	0.024121
0.438851	-0.003929	12.453888	0.019956
0.641891	-0.008279	21.937599	0.014786
0.653002	-0.015776	30.114822	0.008231
0.505789	-0.024930	35.255503	0.001690
0.279249	-0.035578	38.640593	-0.005021
0.077199	-0.047095	40.986908	-0.012359
-0.018993	-0.057473	43.842636	-0.018380
-0.044966	-0.065876	46.840991	-0.027285
-0.002712	-0.070547	49.727895	-0.032454
0.002241	-0.070631	50.953981	-0.039230
-0.014333	-0.067764	49.489128	-0.044903
-0.072044	-0.064157	46.368733	-0.050209
-0.115761	-0.059095	42.970229	-0.052545
-0.121627	-0.054008	41.294029	-0.057122
-0.044385	-0.047604	42.740959	-0.059007
0.075561	-0.040093	47.105296	-0.060465
0.230114	-0.033195	53.526650	-0.062154
0.339356	-0.027209	61.787254	-0.062939
0.382847	-0.019685	69.845236	-0.063526
0.336989	-0.013049	77.461246	-0.066468
0.222115	-0.005882	83.764696	-0.067168
0.077502	0.000832	88.731999	-0.068093
-0.067828	0.009464	92.509724	-0.070752
-0.165575	0.019108	94.410024	-0.068324
-0.237104	0.031823	94.566052	-0.067740
-0.261608	0.047675	92.447909	-0.072201
-0.289457	0.068192	88.068143	-0.049537
-0.308644	0.088727	81.563323	0.000766
-0.331384	0.097730	73.715138	0.018897
-0.348675	0.093938	65.081049	0.030820
-0.374566	0.082419	54.539548	0.036244
-0.406845	0.064708	41.590465	0.036144
-0.445898	0.044617	25.873990	0.036738
-0.407798	0.023153	11.367715	0.034284
-0.279733	0.005391	2.631191	0.029825
-0.033168	-0.003767	1.473695	0.027268
0.285757	-0.006642	8.113751	0.021683
0.528098	-0.007630	17.551147	0.016239
0.652102	-0.013454	26.503996	0.010321
0.568336	-0.021643	33.426806	0.005158
0.386188	-0.031629	37.248578	-0.001796
0.154004	-0.042200	40.090191	-0.006498
0.021134	-0.052908	42.294372	-0.016165
-0.041979	-0.062725	45.491441	-0.021488
-0.016159	-0.069812	48.734288	-0.029752
0.016487	-0.072038	51.203817	-0.036291
0.010722	-0.069803	51.502886	-0.043758
-0.026780	-0.066904	49.090333	-0.048246
-0.087210	-0.062882	45.748162	-0.054165
-0.121646	-0.057027	43.209171	-0.058258
-0.089943	-0.052015	42.868934	-0.063138
0.012625	-0.044617	45.639360	-0.067904
0.146404	-0.038051	50.692360	-0.069996
0.290499	-0.030758	58.189080	-0.071400
0.360687	-0.024146	66.491635	-0.071729
0.369343	-0.016371	74.323479	-0.070453
0.281021	-0.008294	81.315571	-0.071778
0.158805	-0.000376	87.033450	-0.074310
0.002629	0.007482	91.642759	-0.072850
-0.116229	0.015972	94.398126	-0.074384
-0.210351	0.028247	95.364795	-0.073807
-0.264773	0.043789	93.987051	-0.075843
-0.291161	0.064018	90.350344	-0.060686
-0.320663	0.085551	84.418195	-0.009291
-0.338957	0.097164	76.755562	0.013806
-0.365846	0.095628	67.946185	0.025342
-0.399958	0.085008	56.933773	0.031144
-0.444749	0.068315	43.589916	0.035714
-0.488684	0.047815	27.565329	0.035858
-0.465160	0.026325	12.084277	0.033402
-0.328167	0.007539	2.249101	0.030445
-0.090959	-0.002320	-0.232864	0.027725
0.247508	-0.006215	5.295035	0.021618
0.515342	-0.007473	14.940675	0.017966
0.671230	-0.012034	23.871589	0.013745
0.618117	-0.020534	31.642820	0.008136
0.443075	-0.030359	36.047577	0.002723
0.206032	-0.040574	39.205790	-0.004584
0.032307	-0.052083	41.606854	-0.013102
-0.046207	-0.062357	44.436327	-0.019614
-0.054277	-0.070710	47.477035	-0.026242
-0.014384	-0.074121	49.857915	-0.033942
-0.016906	-0.073138	50.127556	-0.042313
-0.041691	-0.069486	47.755632	-0.048309
-0.098065	-0.065963	44.226535	-0.055031
