MBK	ACC	OVV	EGG
-0.183726	-0.153425	9.220651	-0.494457
-0.108055	-0.163774	14.334375	-0.501341
0.021440	-0.164625	37.773749	-0.505971
0.173945	-0.159362	81.226936	-0.505648
0.326432	-0.147383	134.814053	-0.508125
0.433334	-0.128266	174.695192	-0.509020
0.461250	-0.108706	193.404909	-0.509940
0.398946	-0.094313	186.536309	-0.511637
0.277967	-0.086021	168.070903	-0.515603
0.115757	-0.076209	152.786752	-0.516300
-0.024354	-0.056162	142.837033	-0.520157
-0.121797	-0.021402	146.197830	-0.521087
-0.164344	0.023276	154.530110	-0.521316
-0.172611	0.079395	158.919989	-0.522164
-0.169111	0.149904	149.997956	-0.524805
-0.187949	0.231722	122.303203	-0.501041
-0.228342	0.312068	78.374637	-0.469341
-0.291388	0.358118	27.065450	-0.458170
-0.378357	0.336084	-26.643791	-0.445986
-0.477971	0.270277	-80.874651	-0.443775
-0.582178	0.201599	-137.523007	-0.442285
-0.625222	0.141168	-169.345976	-0.440316
-0.516541	0.078817	-150.271617	-0.442150
-0.257330	0.028965	-89.980570	-0.442509
0.068940	0.005112	-6.821359	-0.442662
0.378031	0.001517	45.154674	-0.447651
0.594501	0.001418	75.602654	-0.450029
0.637108	-0.005298	83.587047	-0.452528
0.589629	-0.020844	67.049566	-0.456791
0.426953	-0.035213	64.677689	-0.461592
0.243605	-0.046303	43.225584	-0.466709
0.056033	-0.058926	26.032181	-0.474588
-0.098297	-0.080548	15.825372	-0.481550
-0.192827	-0.107993	9.521143	-0.485781
-0.225330	-0.136018	8.324505	-0.492861
-0.191978	-0.154443	10.388934	-0.496204
-0.105666	-0.164564	17.678025	-0.500832
0.037535	-0.166212	42.131196	-0.507066
0.187702	-0.161438	88.762557	-0.506553
0.339544	-0.147258	139.861066	-0.508033
0.436914	-0.125652	177.004450	-0.508972
0.460186	-0.104589	193.546044	-0.509080
0.396440	-0.091618	186.542372	-0.513063
0.274401	-0.082959	169.376201	-0.515732
0.107536	-0.071751	154.541326	-0.516304
-0.032850	-0.048877	145.422263	-0.519040
-0.133217	-0.012258	146.866833	-0.521389
-0.174461	0.034041	151.138424	-0.521210
-0.185080	0.089114	156.250575	-0.520888
-0.183386	0.158738	144.134251	-0.523630
-0.210070	0.239313	113.641713	-0.494813
-0.251783	0.317659	69.117131	-0.466213
-0.312914	0.353155	20.006051	-0.457240
-0.394477	0.323303	-31.067153	-0.445043
-0.487156	0.257776	-86.595197	-0.442788
-0.583044	0.193679	-142.824762	-0.440496
-0.605104	0.133680	-166.747922	-0.439799
-0.476736	0.072515	-140.290134	-0.440183
-0.207951	0.025603	-73.609504	-0.442626
0.109382	0.006621	4.236830	-0.444233
0.406796	0.003939	48.128336	-0.449581
0.591548	0.003546	76.200255	-0.454082
0.626932	-0.006456	80.179503	-0.455639
0.557030	-0.023838	68.410999	-0.459907
0.390146	-0.038367	60.259389	-0.464192
0.202641	-0.047126	38.744507	-0.468288
0.019764	-0.060612	23.119148	-0.478424
-0.118797	-0.083015	14.739758	-0.484746
-0.200787	-0.111336	13.903875	-0.489610
-0.218525	-0.138566	12.200745	-0.495806
-0.182530	-0.156659	10.525851	-0.500155
-0.090113	-0.165752	18.935722	-0.502254
0.047832	-0.166379	47.007471	-0.507182
0.200715	-0.160141	96.491499	-0.510075
0.343468	-0.144444	146.592303	-0.510180
0.435682	-0.122291	181.596624	-0.512949
0.441328	-0.102640	193.699057	-0.514804
0.371296	-0.089523	184.662960	-0.514509
0.234638	-0.081731	168.003080	-0.518835
0.074544	-0.068805	151.730306	-0.519457
-0.066929	-0.044654	143.389091	-0.520693
-0.152381	-0.008542	145.460001	-0.524418
-0.191941	0.036288	153.745535	-0.526429
-0.191492	0.094419	155.023727	-0.524357
-0.191894	0.168382	141.370049	-0.526499
-0.210882	0.251360	110.741259	-0.495036
-0.250505	0.325367	67.611164	-0.467630
-0.316380	0.353480	18.371046	-0.459152
-0.407549	0.321045	-36.313890	-0.447459
-0.511124	0.254342	-94.592347	-0.444031
-0.612072	0.185538	-148.264686	-0.443316
-0.621097	0.122046	-168.302433	-0.443251
-0.480117	0.062894	-138.428475	-0.443392
-0.197091	0.022078	-66.883836	-0.446879
0.126960	0.004220	10.742934	-0.448385
0.431217	0.002373	55.037731	-0.451242
0.601842	0.000960	83.487187	-0.455738
0.632025	-0.007594	78.016859	-0.458598
0.548216	-0.024305	67.077838	-0.461229
0.373898	-0.038758	54.593563	-0.468558
0.186810	-0.049942	36.027764	-0.472417
-0.000305	-0.063433	22.158497	-0.480324
-0.133067	-0.086333	12.455918	-0.488039
-0.214464	-0.114720	12.534411	-0.492813
-0.226763	-0.141848	11.506641	-0.495297
-0.188775	-0.159285	9.625042	-0.500903
-0.088423	-0.167753	19.660870	-0.503055
0.050056	-0.164948	49.314425	-0.506220
0.207052	-0.157909	101.000158	-0.510279
0.350515	-0.140737	151.839129	-0.509357
0.436855	-0.119922	185.577946	-0.511253
0.435468	-0.100826	194.033245	-0.515089
0.359249	-0.090226	182.270258	-0.513952
0.213969	-0.081724	165.300780	-0.517573
0.056935	-0.068961	146.848566	-0.520666
-0.078065	-0.041125	144.051108	-0.520341
-0.154019	-0.003779	145.968537	-0.523497
-0.183490	0.041146	155.331148	-0.525935
-0.184206	0.096069	154.698470	-0.524295
-0.187342	0.170669	139.493081	-0.524585
-0.217987	0.254567	106.982020	-0.492759
-0.259680	0.330409	62.893585	-0.465443
-0.326544	0.352490	16.922622	-0.458693
-0.411340	0.311701	-37.552747	-0.447856
-0.520542	0.245849	-94.206420	-0.442545
-0.621560	0.187243	-150.776225	-0.443014
-0.622986	0.122478	-168.082966	-0.443343
-0.465159	0.060650	-131.129246	-0.441919
-0.178114	0.016789	-62.475783	-0.445587
0.139170	0.005298	9.549870	-0.448619
0.435306	0.006079	50.469402	-0.451224
0.598846	0.000152	77.073180	-0.456374
0.619833	-0.011793	76.415781	-0.459738
0.540694	-0.028094	64.272912	-0.461265
0.367735	-0.039838	54.244312	-0.467371
0.180322	-0.050787	34.138350	-0.474526
0.002422	-0.065454	20.762377	-0.480056
-0.129471	-0.093119	10.755920	-0.488554
-0.206258	-0.120402	11.384354	-0.493000
-0.214660	-0.142743	12.882696	-0.495582
-0.176335	-0.160155	14.990517	-0.503688
-0.071529	-0.168678	24.086587	-0.504244
0.066055	-0.167684	55.963748	-0.506425
0.219659	-0.158666	106.906406	-0.510700
0.354344	-0.141131	153.020962	-0.511074
0.433746	-0.120614	182.795619	-0.510012
0.424088	-0.103005	191.672573	-0.513296
0.346831	-0.088744	180.335665	-0.514658
0.206938	-0.076365	164.681525	-0.516663
0.055010	-0.062849	149.523903	-0.521763
-0.068458	-0.037610	144.892910	-0.521652
-0.145711	0.000258	146.718756	-0.522921
-0.179818	0.046656	152.684068	-0.527072
-0.185612	0.107648	148.189847	-0.526563
-0.192392	0.183561	135.136740	-0.522467
-0.218456	0.264825	99.583677	-0.491813
-0.264210	0.331870	55.001022	-0.467156
-0.338575	0.350734	5.696662	-0.457565
-0.437315	0.306739	-50.118012	-0.450189
-0.542623	0.238658	-107.274231	-0.444880
-0.631052	0.173459	-156.012185	-0.445237
-0.609527	0.110720	-165.417336	-0.447698
-0.428989	0.053190	-124.189256	-0.446817
-0.129913	0.016837	-54.138768	-0.448158
0.196227	0.002726	20.745406	-0.453949
0.485407	-0.000125	60.494393	-0.454826
0.631460	-0.002019	83.195112	-0.459149
0.633696	-0.012466	74.265074	-0.463180
0.541096	-0.029029	62.324854	-0.466227
0.355080	-0.042022	53.503604	-0.472356
0.169068	-0.054308	34.862333	-0.479918
-0.014569	-0.070497	17.793998	-0.485697
-0.144023	-0.094631	6.392293	-0.491854
-0.215508	-0.124027	12.083484	-0.496154
-0.217904	-0.150615	6.801926	-0.497693
-0.170753	-0.164564	7.631614	-0.503885
-0.056815	-0.168877	25.029071	-0.507827
0.089194	-0.165822	64.511240	-0.507964
0.247390	-0.157523	115.061431	-0.511256
0.379628	-0.140061	160.892233	-0.512709
0.447974	-0.118801	188.473864	-0.512267
0.426624	-0.100143	191.491424	-0.516276
0.338113	-0.090189	174.265121	-0.518994
0.191412	-0.081249	161.148028	-0.518793
0.038819	-0.064818	147.583950	-0.523189
-0.080451	-0.032815	145.230788	-0.523521
-0.150559	0.009473	147.596634	-0.522439
-0.174198	0.059903	152.866639	-0.526718
-0.176519	0.120400	150.552966	-0.528107
-0.188230	0.196114	129.998514	-0.515488
-0.226502	0.280217	91.706960	-0.479703
-0.280576	0.343223	44.936165	-0.463072
-0.355948	0.343446	-3.294794	-0.451277
-0.449017	0.289481	-59.716769	-0.448089
-0.555526	0.223398	-117.048785	-0.445189
-0.633894	0.163764	-162.135713	-0.443639
-0.585754	0.100470	-163.539270	-0.446111
-0.381418	0.043602	-115.034404	-0.445294
-0.068233	0.011640	-37.781270	-0.447068
0.255826	0.003321	29.599515	-0.453104
0.530852	0.001772	66.641783	-0.454120
0.642242	-0.002527	84.324075	-0.456595
0.636665	-0.016592	72.593163	-0.463368
0.513390	-0.031486	65.163685	-0.464943
0.328688	-0.043323	48.509667	-0.469682
0.135963	-0.054096	29.611860	-0.478459
-0.039992	-0.074549	17.031208	-0.483844
-0.160401	-0.103641	10.910876	-0.488963
-0.223654	-0.134514	8.488551	-0.495418
-0.217238	-0.155074	8.190593	-0.497298
-0.156252	-0.165657	13.910384	-0.502736
-0.025171	-0.167927	33.958373	-0.508931
0.126533	-0.164587	72.495470	-0.508147
0.284131	-0.152631	121.488110	-0.510248
0.402250	-0.133600	165.377246	-0.513325
0.450238	-0.112167	189.066097	-0.513735
0.413218	-0.097521	188.167692	-0.514783
0.314504	-0.088045	174.147951	-0.518824
0.161669	-0.078964	158.772930	-0.520408
0.016905	-0.061537	144.939968	-0.523217
-0.097336	-0.031603	143.445850	-0.526742
-0.153345	0.012801	149.845807	-0.525662
-0.172058	0.068690	155.645546	-0.525715
-0.166758	0.140587	147.885408	-0.528862
-0.179676	0.217602	128.142933	-0.509180
-0.219950	0.294326	87.521761	-0.474548
-0.289342	0.343152	35.322650	-0.464016
-0.387263	0.332405	-20.294406	-0.451587
-0.488291	0.275136	-76.019262	-0.447680
-0.591126	0.210582	-129.003255	-0.447892
-0.631982	0.149326	-162.681731	-0.444862
-0.540871	0.086270	-145.793576	-0.445970
-0.305800	0.038382	-94.618279	-0.447937
-0.000159	0.015472	-18.437610	-0.449194
0.311633	0.005775	37.064707	-0.453730
0.552688	0.000544	71.804491	-0.456823
0.627858	-0.005880	80.790747	-0.459962
0.607230	-0.018639	68.252759	-0.464794
0.463172	-0.035650	60.558614	-0.469270
0.290470	-0.047145	39.484880	-0.473393
0.094042	-0.059765	26.269588	-0.481784
-0.057320	-0.078590	14.525488	-0.487811
-0.171398	-0.106754	11.990684	-0.491835
-0.211959	-0.135750	5.161951	-0.497640
-0.203558	-0.156971	6.471037	-0.502752
-0.130305	-0.167045	12.809582	-0.505194
-0.000509	-0.168803	38.696047	-0.509403
0.151400	-0.163188	86.781638	-0.510166
0.304198	-0.150181	135.970652	-0.510692
0.412652	-0.131618	172.445336	-0.513313
0.441662	-0.113053	192.266416	-0.515796
0.390129	-0.098173	186.242803	-0.514030
0.279586	-0.087253	170.700409	-0.519723
0.128465	-0.073221	155.471992	-0.521505
-0.003954	-0.050770	147.081822	-0.521463
-0.104128	-0.015038	146.765212	-0.525250
-0.153432	0.030389	151.666662	-0.526766
-0.176454	0.088394	153.698718	-0.526353
-0.180630	0.159062	141.418416	-0.529304
-0.211504	0.239034	114.055633	-0.498162
-0.255044	0.315876	69.224628	-0.468983
-0.327134	0.351314	20.677678	-0.461811
-0.419421	0.321309	-34.710609	-0.450599
-0.522871	0.256023	-91.994568	-0.445748
-0.624191	0.191891	-146.772363	-0.445892
-0.638965	0.131690	-169.573376	-0.444337
-0.506802	0.069039	-141.770608	-0.444119
-0.226364	0.025000	-76.734879	-0.446645
0.092900	0.006831	3.322813	-0.448206
0.404894	0.005007	50.010708	-0.451181
0.599544	0.001191	81.239901	-0.455940
0.649117	-0.007758	78.404980	-0.458090
0.587352	-0.023802	68.099260	-0.462416
0.424298	-0.037091	56.286431	-0.468550
0.240546	-0.047899	38.941880	-0.473180
0.041717	-0.061501	24.002266	-0.479102
-0.098387	-0.086027	8.929156	-0.488193
-0.205242	-0.115347	11.772705	-0.491844
-0.225310	-0.141858	7.315077	-0.495952
-0.208050	-0.157197	9.231421	-0.502268
-0.110193	-0.165179	17.303898	-0.504955
0.025207	-0.164946	48.273060	-0.508972
0.186876	-0.159731	96.964940	-0.511536
0.327530	-0.142660	146.375739	-0.509969
0.425500	-0.120953	178.113156	-0.512307
0.431044	-0.100796	191.585059	-0.515928
0.370197	-0.090817	180.759928	-0.514120
0.240600	-0.081619	166.004056	-0.516900
0.088173	-0.067076	149.106579	-0.521113
-0.046743	-0.038213	142.234771	-0.520718
-0.131017	-0.000587	143.434634	-0.523733
-0.168923	0.042228	151.337569	-0.526953
-0.179350	0.098864	149.422308	-0.525568
-0.187153	0.179683	134.440672	-0.520313
-0.223145	0.265193	101.398299	-0.485583
-0.265856	0.332999	56.926444	-0.462754
-0.342848	0.345084	7.947213	-0.455246
-0.440519	0.303934	-49.901763	-0.446759
-0.558033	0.236230	-109.496248	-0.442375
-0.645672	0.172863	-161.873332	-0.444051
-0.627933	0.111270	-166.298506	-0.444516
-0.447118	0.057474	-125.420873	-0.442988
-0.137112	0.021362	-48.062679	-0.445623
0.186999	0.009181	24.376301	-0.449726
0.482953	0.005377	62.031944	-0.450711
0.616285	0.003446	82.447647	-0.455930
0.632100	-0.008631	70.802149	-0.459873
0.528311	-0.024794	63.648091	-0.462006
0.363799	-0.039923	46.754754	-0.469365
0.174982	-0.049477	34.152986	-0.475133
-0.002241	-0.064273	17.406147	-0.479532
-0.131982	-0.088420	11.786129	-0.490383
-0.213983	-0.120779	10.135478	-0.495084
-0.217494	-0.145099	6.167945	-0.495263
-0.182027	-0.159652	9.959717	-0.504668
-0.068580	-0.162049	21.061392	-0.507746
0.071760	-0.162947	59.640880	-0.508535
0.235288	-0.155262	113.956993	-0.512347
0.364980	-0.139061	160.927935	-0.511702
0.441259	-0.114042	186.474568	-0.513286
0.422561	-0.097143	190.380919	-0.515529
0.343648	-0.088351	176.937833	-0.517134
0.200755	-0.079160	162.141646	-0.518861
0.051347	-0.057677	146.819196	-0.523557
-0.072914	-0.024838	142.917525	-0.522590
-0.140822	0.016682	146.814445	-0.524381
-0.169949	0.064756	154.020998	-0.526309
-0.177745	0.132694	145.975030	-0.526705
-0.195713	0.213367	123.960066	-0.509954
-0.239380	0.298654	86.929957	-0.477416
-0.295931	0.348107	37.592250	-0.463086
-0.386337	0.335300	-15.769989	-0.452037
-0.486188	0.277648	-72.996006	-0.447777
-0.601323	0.216436	-129.720649	-0.442809
-0.651175	0.156784	-167.935641	-0.443106
-0.571702	0.095364	-152.476571	-0.444279
-0.332297	0.042342	-99.077598	-0.443420
-0.014623	0.017939	-16.980342	-0.445681
0.296278	0.010658	37.337252	-0.451014
0.540885	0.010351	68.846603	-0.452749
0.623771	0.001070	77.894643	-0.457305
0.614374	-0.013448	68.550295	-0.461395
0.479851	-0.028791	62.751120	-0.463269
0.315190	-0.038612	39.526195	-0.469978
0.118547	-0.050659	25.804488	-0.476768
-0.039242	-0.068131	12.406349	-0.479634
-0.160055	-0.096614	12.485446	-0.489029
-0.212538	-0.124428	8.796211	-0.493313
-0.209440	-0.147136	4.563418	-0.495348
-0.149585	-0.157083	6.646149	-0.500702
-0.028685	-0.162224	30.502800	-0.507014
0.119424	-0.158011	74.257195	-0.505862
0.274753	-0.146328	130.083900	-0.508064
0.390658	-0.123988	169.228205	-0.509354
0.439413	-0.105839	187.816604	-0.510380
0.397046	-0.092680	182.716356	-0.514048
0.298373	-0.086142	167.294517	-0.515981
0.143955	-0.069824	151.885479	-0.515887
0.012348	-0.049062	140.575385	-0.519603
-0.092443	-0.017174	140.922297	-0.520944
-0.136301	0.019414	147.670379	-0.522493
-0.164156	0.076381	151.250798	-0.522955
-0.164053	0.147455	138.944111	-0.524540
-0.189431	0.230998	118.668308	-0.498753
-0.221211	0.305430	79.081749	-0.469310
-0.288770	0.348350	31.080068	-0.459057
-0.383125	0.326519	-24.567953	-0.446587
-0.495768	0.268232	-83.278347	-0.443853
-0.607802	0.199350	-138.249958	-0.441873
-0.644222	0.137835	-167.227333	-0.440647
-0.535410	0.076428	-142.139839	-0.443051
-0.276469	0.036413	-82.827954	-0.443853
0.041336	0.015198	-8.100861	-0.444730
0.359117	0.011974	45.440164	-0.450306
0.574740	0.005182	77.766756	-0.452614
0.639199	0.000911	78.676899	-0.453866
0.593849	-0.016970	63.110366	-0.460581
0.446812	-0.029489	52.012040	-0.463766
0.270685	-0.044569	38.123949	-0.467592
0.084253	-0.054367	22.878601	-0.476969
-0.059310	-0.077342	14.391200	-0.483392
-0.170019	-0.101422	13.239242	-0.487369
-0.198661	-0.133499	9.600169	-0.493182
-0.198516	-0.149773	9.729452	-0.495579
-0.113846	-0.162904	14.742107	-0.499985
-0.002521	-0.160068	41.614946	-0.505158
0.158515	-0.160782	87.075891	-0.504546
0.292547	-0.142050	139.236801	-0.507378
0.409868	-0.126541	174.673750	-0.510723
0.426286	-0.099715	194.393288	-0.511330
0.391474	-0.092118	185.197942	-0.512199
0.268883	-0.074195	169.344430	-0.517019
0.133187	-0.067804	151.710960	-0.516414
-0.015045	-0.033384	144.352813	-0.521051
-0.096818	-0.011074	142.423707	-0.524868
-0.162484	0.049395	148.137482	-0.522932
-0.160532	0.094483	147.456684	-0.523160
-0.190411	0.189074	135.910267	-0.522658
-0.185951	0.240513	107.043422	-0.487211
-0.294606	0.359820	60.862402	-0.466701
