MBK	ACC	OVV	EGG
-0.101962	0.186345	70.891684	0.075729
-0.122074	0.168589	62.107923	0.090309
-0.157785	0.118490	52.085899	0.107341
-0.192762	0.074262	41.154187	0.110725
-0.241221	0.035316	34.363194	0.118566
-0.309718	-0.000054	29.413375	0.118105
-0.367838	-0.029667	21.464003	0.117069
-0.373638	-0.043841	19.344280	0.111708
-0.389573	-0.039567	15.386844	0.106115
-0.385421	-0.019974	14.799354	0.097346
-0.340176	0.007994	17.738764	0.088018
-0.298826	0.032071	22.545268	0.075256
-0.204046	0.036808	25.990400	0.064419
-0.095876	0.024944	32.761585	0.050760
-0.003049	0.010758	40.902926	0.038101
0.082287	-0.004768	49.178270	0.025265
0.170237	-0.024481	57.895206	0.013080
0.231958	-0.044592	64.961655	0.003229
0.282107	-0.064947	70.525571	-0.007587
0.315937	-0.079968	77.052095	-0.014575
0.309013	-0.083016	84.055971	-0.022566
0.297079	-0.079272	87.065111	-0.029187
0.274562	-0.078990	90.257160	-0.036040
0.233559	-0.083319	90.322755	-0.040942
0.201130	-0.094053	90.632024	-0.046760
0.161261	-0.103358	89.404648	-0.051479
0.119219	-0.108708	89.913808	-0.057596
0.089420	-0.109145	87.471612	-0.062549
0.064543	-0.106203	88.347482	-0.068622
0.039050	-0.098609	85.603494	-0.072482
0.020183	-0.083866	86.254328	-0.077222
0.011877	-0.063620	86.048788	-0.079771
-0.003254	-0.034886	86.141354	-0.084018
0.003713	-0.009978	84.916875	-0.084853
0.007854	0.003621	86.049536	-0.087626
0.004990	0.020121	83.582545	-0.086866
0.000083	0.033168	85.793604	-0.089764
-0.007800	0.048287	84.927279	-0.086589
-0.036764	0.070047	84.308206	-0.088177
-0.037102	0.096178	82.074212	-0.082717
-0.064245	0.129640	79.872076	-0.083737
-0.084490	0.164534	74.052082	0.005107
-0.102608	0.182305	68.633200	0.080243
-0.139932	0.162205	60.219286	0.092668
-0.173323	0.113330	50.542709	0.107868
-0.206647	0.063957	39.041272	0.111176
-0.266874	0.022653	34.260283	0.118937
-0.327353	-0.009958	27.525109	0.116337
-0.386241	-0.035763	21.235322	0.115397
-0.390282	-0.047064	18.557309	0.111621
-0.407405	-0.035941	14.560787	0.106012
-0.372873	-0.010652	17.234028	0.096524
-0.331001	0.019492	18.376576	0.087722
-0.271808	0.041038	23.970679	0.075995
-0.156295	0.041072	25.934183	0.063775
-0.055585	0.025791	35.603517	0.050992
0.045706	0.007243	40.803183	0.038078
0.129113	-0.011019	49.651975	0.025840
0.208695	-0.029216	58.586169	0.012178
0.257206	-0.048528	66.018765	0.001099
0.299537	-0.067556	70.783996	-0.008487
0.324107	-0.079181	78.314875	-0.016494
0.310232	-0.082336	82.863132	-0.024020
0.297973	-0.079438	87.296442	-0.030664
0.266492	-0.079910	89.724199	-0.037562
0.232756	-0.086226	90.279505	-0.042601
0.198278	-0.095531	88.730772	-0.048713
0.156975	-0.105089	90.732538	-0.052691
0.115846	-0.111452	88.698193	-0.058747
0.084473	-0.108641	87.119834	-0.063503
0.069720	-0.102411	87.698086	-0.070233
0.032834	-0.091767	86.501738	-0.072834
0.026234	-0.075975	85.496557	-0.078578
0.017114	-0.058353	85.959242	-0.080920
0.006632	-0.033368	85.578835	-0.084915
0.011241	-0.007943	85.468455	-0.085391
0.010192	0.010062	86.426781	-0.088943
-0.000090	0.024319	85.296385	-0.088567
-0.007745	0.036627	85.163513	-0.091740
-0.009051	0.045957	85.009522	-0.089000
-0.042787	0.059336	83.148256	-0.092191
-0.047972	0.081926	81.066758	-0.083647
-0.070388	0.117566	79.478309	-0.087585
-0.106557	0.155261	74.600505	-0.010158
-0.118685	0.176424	68.756169	0.074479
-0.141672	0.158099	60.032152	0.087497
-0.168019	0.113246	51.809854	0.106294
-0.189737	0.072080	40.213660	0.108655
-0.237232	0.032229	36.141887	0.114758
-0.292784	-0.001891	28.986871	0.113396
-0.348477	-0.029127	21.739138	0.113567
-0.344459	-0.043932	22.053962	0.107905
-0.374544	-0.036801	15.782844	0.103297
-0.346012	-0.011936	18.166971	0.093586
-0.302834	0.015412	20.494150	0.085064
-0.261331	0.035870	26.216579	0.074486
-0.153222	0.035510	26.859968	0.062409
-0.052100	0.022654	37.088016	0.047246
0.043810	0.008399	42.261018	0.036399
0.129809	-0.009512	52.047779	0.023680
0.213116	-0.026771	60.044415	0.012484
0.262174	-0.044630	66.939047	0.000375
0.318258	-0.064459	71.342957	-0.007626
0.344534	-0.075835	80.199158	-0.015704
0.331270	-0.081110	82.955614	-0.023086
0.330567	-0.083668	87.550231	-0.029224
0.294238	-0.085035	88.836502	-0.035968
0.249824	-0.087331	91.023752	-0.041510
0.218235	-0.094874	89.695813	-0.047591
0.177001	-0.102916	91.451332	-0.052722
0.144674	-0.108306	88.673281	-0.058271
0.114656	-0.107350	88.649739	-0.063684
0.091426	-0.101700	87.550530	-0.068229
0.051688	-0.091816	87.054940	-0.072562
0.047788	-0.077771	86.787373	-0.076418
0.035749	-0.057949	87.585776	-0.078282
0.031929	-0.036316	86.621495	-0.082414
0.034261	-0.009420	87.112867	-0.083985
0.026435	0.014280	86.678651	-0.085956
0.016502	0.026939	87.207331	-0.085730
0.011883	0.037666	86.597603	-0.089197
0.007982	0.047396	86.055111	-0.086667
-0.016389	0.062756	84.503504	-0.088217
-0.035733	0.088546	82.187225	-0.081775
-0.053900	0.124841	80.793057	-0.083630
-0.090454	0.161102	74.146231	0.004012
-0.108751	0.179634	68.959927	0.079721
-0.130327	0.155177	59.257464	0.093277
-0.166398	0.112152	51.370468	0.109226
-0.195548	0.070812	38.596384	0.110957
-0.250770	0.030609	35.633857	0.117047
-0.303018	-0.002075	28.955745	0.115219
-0.359649	-0.027499	21.342277	0.114956
-0.356864	-0.040761	19.223058	0.108909
-0.381940	-0.033229	13.562320	0.104218
-0.351447	-0.009603	16.750649	0.093597
-0.310272	0.016632	16.635236	0.084911
-0.261892	0.035385	24.571085	0.071849
-0.150070	0.031737	26.485999	0.062222
-0.053496	0.015550	36.725389	0.047965
0.046186	0.001139	42.681970	0.035673
0.130168	-0.012458	51.729154	0.020942
0.212018	-0.026853	59.225012	0.011510
0.262448	-0.044962	67.911235	-0.000156
0.315269	-0.066066	71.108738	-0.008097
0.346974	-0.077987	80.277052	-0.016506
0.335361	-0.081444	83.868601	-0.024140
0.323415	-0.081000	89.328628	-0.030581
0.293614	-0.083660	89.724173	-0.037215
0.248790	-0.092404	90.958227	-0.044302
0.224329	-0.103146	89.969875	-0.049145
0.179254	-0.106739	91.098986	-0.056006
0.147088	-0.108070	90.957948	-0.061638
0.109619	-0.106774	88.104336	-0.066129
0.094748	-0.101734	88.716686	-0.071262
0.060863	-0.089901	86.900694	-0.076014
0.044856	-0.076085	85.829303	-0.079486
0.036102	-0.056414	86.289703	-0.082648
0.025864	-0.033642	86.064966	-0.085729
0.035224	-0.014259	85.827610	-0.087407
0.033092	0.004499	85.205149	-0.089274
0.027230	0.019664	87.090909	-0.090760
0.023687	0.033965	86.204351	-0.091987
0.012865	0.051878	86.127050	-0.090676
-0.002201	0.072328	85.940332	-0.090118
-0.030895	0.100342	82.291272	-0.086394
-0.046988	0.136948	80.377236	-0.075336
-0.080609	0.171478	74.578284	0.029077
-0.105178	0.183039	68.585008	0.085287
-0.131082	0.151283	58.362673	0.094373
-0.163825	0.101021	49.383235	0.107433
-0.199198	0.059483	38.869933	0.109720
-0.262618	0.020437	34.410537	0.114705
-0.333328	-0.012381	25.793170	0.111789
-0.385704	-0.036941	20.529546	0.111859
-0.379467	-0.042894	17.102520	0.105767
-0.399739	-0.029811	15.292670	0.099717
-0.363454	-0.005505	16.563654	0.089811
-0.312321	0.020012	19.200670	0.080784
-0.253346	0.034291	24.935456	0.068961
-0.136849	0.030604	26.985509	0.058048
-0.033004	0.019307	36.842593	0.042646
0.066692	0.004935	43.776761	0.031095
0.150644	-0.011797	52.387638	0.019189
0.239354	-0.031935	61.654061	0.008505
0.294238	-0.048212	70.022797	-0.003465
0.331345	-0.063411	74.690968	-0.011156
0.355936	-0.074816	82.915351	-0.019866
0.337577	-0.079298	86.178999	-0.027326
0.324976	-0.081696	91.665210	-0.033930
0.296024	-0.089201	91.863994	-0.038618
0.241720	-0.095437	91.963340	-0.044471
0.204399	-0.102287	91.713204	-0.049898
0.147815	-0.108768	91.804188	-0.055657
0.108462	-0.114609	90.690967	-0.060801
0.075410	-0.113899	89.807422	-0.066197
0.054118	-0.105746	89.292667	-0.070466
0.017511	-0.088135	87.711935	-0.074546
0.011129	-0.070016	87.724346	-0.078052
0.006543	-0.050590	88.333066	-0.080820
0.006944	-0.028646	86.485765	-0.082938
0.020986	-0.003530	87.453439	-0.085756
0.025647	0.017474	88.254550	-0.087357
0.016407	0.031610	88.928731	-0.088683
0.024608	0.040635	87.698218	-0.089759
0.018044	0.055379	87.431365	-0.090484
0.006701	0.075700	85.903258	-0.089197
-0.016218	0.104962	83.062167	-0.088122
-0.031782	0.141126	80.572293	-0.074596
-0.069177	0.171706	73.563928	0.030319
-0.084941	0.180727	67.590713	0.083562
-0.119527	0.145980	56.621697	0.094992
-0.148642	0.096896	49.534064	0.106659
-0.198707	0.055267	34.919490	0.110079
-0.252030	0.022003	34.765658	0.115322
-0.313542	-0.011848	23.613787	0.112512
-0.356400	-0.037143	21.597497	0.111542
-0.346715	-0.043021	16.730351	0.105266
-0.377987	-0.024499	17.950716	0.098007
-0.334805	0.000973	17.044321	0.088284
-0.285251	0.023389	22.511882	0.078670
-0.213895	0.036580	23.147841	0.066503
-0.101420	0.030325	29.770797	0.055059
0.002787	0.014829	37.575658	0.040827
0.097576	0.002762	48.046943	0.028520
0.189599	-0.009677	53.384754	0.015635
0.272893	-0.028672	64.677234	0.004106
0.322748	-0.048818	68.979025	-0.006164
0.356264	-0.068085	76.088168	-0.015399
0.378423	-0.077217	82.936784	-0.024571
0.345779	-0.079871	87.038740	-0.031012
0.338603	-0.082398	89.647874	-0.037726
0.295996	-0.089293	91.339332	-0.043417
0.252434	-0.096992	90.867354	-0.050346
0.211016	-0.106850	91.484416	-0.054944
0.168459	-0.111866	91.708961	-0.061366
0.127764	-0.111985	90.455244	-0.065458
0.100568	-0.109181	87.862925	-0.071713
0.081501	-0.102876	89.615381	-0.076152
0.049320	-0.089327	87.177460	-0.081793
0.046829	-0.071459	88.282014	-0.084435
0.041289	-0.046958	88.035119	-0.088279
0.037818	-0.020478	88.447748	-0.090266
0.051702	0.001234	87.983461	-0.093701
0.047819	0.011081	89.278137	-0.093171
0.047921	0.020153	88.299588	-0.094948
0.044932	0.038526	88.889400	-0.093684
0.038671	0.060576	89.818949	-0.095224
0.011756	0.084461	87.386585	-0.089630
-0.004009	0.116583	84.134503	-0.093663
-0.017361	0.152617	81.533440	-0.050829
-0.057594	0.186060	73.714704	0.059059
-0.076531	0.185051	66.702009	0.086773
-0.113089	0.141970	55.536851	0.103430
-0.152210	0.093663	45.500812	0.108537
-0.196798	0.047099	33.806484	0.115500
-0.259890	0.006381	31.641790	0.115613
-0.332927	-0.021033	19.216079	0.114683
-0.355797	-0.039450	19.549534	0.111072
-0.358639	-0.039996	12.251797	0.106763
-0.373266	-0.018612	14.071384	0.098187
-0.311998	0.009167	13.932143	0.088696
-0.284551	0.033257	21.550283	0.077245
-0.183807	0.043265	23.143005	0.066353
-0.073182	0.032641	30.691997	0.052482
0.029903	0.015600	39.147559	0.040933
0.120805	-0.000422	47.286945	0.026402
0.216850	-0.017855	56.255595	0.014674
0.284714	-0.034856	66.952196	0.004285
0.334479	-0.050579	70.203678	-0.004546
0.376786	-0.066867	77.544745	-0.014846
0.381637	-0.074712	83.575259	-0.022288
0.356349	-0.079572	87.240453	-0.031600
0.352450	-0.083826	90.847458	-0.035779
0.293634	-0.090882	92.194463	-0.043155
0.257785	-0.099858	91.255626	-0.047861
0.207052	-0.112988	91.033855	-0.054607
0.165210	-0.117415	91.259695	-0.059397
0.116447	-0.118519	87.358368	-0.066437
0.095341	-0.116743	88.084244	-0.071294
0.066125	-0.105780	87.135443	-0.075372
0.043370	-0.086255	86.430059	-0.078859
0.052253	-0.064879	86.009231	-0.083593
0.038905	-0.040902	86.811704	-0.085642
0.051801	-0.014555	85.761375	-0.089472
0.067187	0.005903	87.306776	-0.090855
0.065145	0.014685	87.598171	-0.092302
0.069952	0.022611	85.675235	-0.093736
0.063360	0.033154	88.792314	-0.096003
0.052070	0.047572	89.759401	-0.094400
0.022947	0.068764	85.400074	-0.094114
0.020259	0.097672	84.572766	-0.090612
-0.025020	0.135200	79.914760	-0.080428
-0.054847	0.168036	74.161207	0.025910
-0.074391	0.178956	68.161653	0.078785
-0.122363	0.152878	57.948658	0.089854
-0.150532	0.104678	47.501866	0.103538
-0.189137	0.059758	36.130912	0.105030
-0.252936	0.022110	34.476351	0.110223
-0.311833	-0.010619	25.417018	0.108621
-0.360467	-0.033295	21.821634	0.107034
-0.350133	-0.037806	17.409160	0.102787
-0.382593	-0.023835	12.831158	0.096350
-0.323130	-0.000654	18.522783	0.086296
-0.291055	0.024591	20.420871	0.075512
-0.216619	0.040330	27.381299	0.064212
-0.110991	0.037730	29.747342	0.053130
-0.017841	0.025437	40.627744	0.040570
0.084887	0.008208	45.173721	0.027237
0.168650	-0.013204	55.779969	0.014426
0.247385	-0.034044	62.073101	0.003444
0.288416	-0.052419	71.424644	-0.005971
0.328164	-0.067650	74.848563	-0.014807
0.335427	-0.078080	83.556397	-0.023010
0.314345	-0.081220	85.252698	-0.030338
0.306655	-0.082733	90.733431	-0.038226
0.260683	-0.083711	90.215998	-0.043721
0.224262	-0.087878	91.767601	-0.049489
0.188385	-0.097162	89.454125	-0.055512
0.148341	-0.105702	91.814844	-0.059452
0.109400	-0.110323	88.634856	-0.065945
0.081411	-0.111058	89.208127	-0.070520
0.057315	-0.105888	87.475007	-0.076791
0.021903	-0.091471	88.105124	-0.081231
0.023693	-0.075584	87.392462	-0.084435
0.010458	-0.053122	88.172308	-0.087567
0.013279	-0.024855	86.055059	-0.089589
0.028036	-0.000989	89.118361	-0.091838
0.019569	0.014768	88.727020	-0.094126
0.021290	0.024883	88.941537	-0.093489
0.021037	0.034711	87.344676	-0.093708
0.004870	0.053546	89.989861	-0.092625
-0.015024	0.079234	87.679054	-0.090823
-0.025847	0.112270	85.310041	-0.089344
-0.055287	0.148545	81.582521	-0.069408
-0.083377	0.179315	76.303328	0.039313
-0.107804	0.188513	68.751907	0.083512
-0.151569	0.153326	59.562360	0.099075
-0.191181	0.104179	48.501878	0.107833
-0.234049	0.056227	36.434180	0.112543
-0.304666	0.015459	32.086656	0.116441
-0.379870	-0.013338	21.312434	0.114739
-0.423235	-0.034200	18.439582	0.112341
-0.426287	-0.038725	16.472418	0.107794
-0.455900	-0.021504	12.006643	0.099691
-0.392479	0.005725	15.463912	0.091151
-0.366991	0.031383	18.663657	0.079541
-0.274569	0.045050	24.376087	0.068279
-0.153256	0.038262	28.708429	0.055541
-0.040302	0.021911	39.451578	0.043940
0.061619	0.002477	43.348563	0.030174
0.162069	-0.015877	55.071667	0.017495
0.235200	-0.030566	63.707953	0.004748
0.281583	-0.046690	72.460830	-0.004618
0.330756	-0.065865	76.712022	-0.013226
0.339463	-0.077918	84.679911	-0.021185
0.322297	-0.079365	86.251490	-0.028624
0.317453	-0.080991	92.007337	-0.034870
0.256183	-0.086450	90.696446	-0.041560
0.220078	-0.096963	92.185653	-0.046949
0.172260	-0.108762	89.237653	-0.054085
0.124825	-0.113677	92.921972	-0.058064
0.083038	-0.112698	88.097949	-0.064836
0.060343	-0.109051	89.574583	-0.069451
0.034259	-0.102390	85.795901	-0.076574
0.007970	-0.093389	87.546686	-0.079945
0.008424	-0.076600	86.616651	-0.084715
-0.009615	-0.052150	87.738290	-0.087901
-0.009451	-0.025919	85.068672	-0.092179
-0.000815	-0.002880	89.190684	-0.093282
-0.002450	0.012333	87.413113	-0.096339
-0.004640	0.021268	89.639158	-0.095056
-0.007536	0.034177	86.814403	-0.098395
-0.018725	0.051551	91.470324	-0.095851
-0.041694	0.073814	86.504215	-0.098161
-0.050118	0.098226	88.121141	-0.091665
-0.071502	0.129718	82.298344	-0.092113
-0.102976	0.166291	77.973098	0.005849
-0.121670	0.185058	69.789106	0.074728
-0.156956	0.160275	61.804809	0.087296
-0.194038	0.112661	49.310802	0.102376
-0.234641	0.068763	39.534560	0.105142
-0.306758	0.028019	32.592902	0.111613
-0.372020	-0.007518	27.156503	0.110380
-0.433919	-0.031083	18.628495	0.109872
-0.433029	-0.038677	19.674102	0.105152
-0.465572	-0.023955	10.469429	0.099586
-0.422276	0.000075	18.162980	0.089049
-0.372365	0.023947	16.855032	0.079357
-0.307875	0.041243	25.689631	0.068435
-0.184670	0.041510	25.623171	0.056443
-0.083466	0.028341	40.230930	0.042370
0.026556	0.012938	41.081953	0.030558
0.125751	-0.005657	54.645089	0.017870
0.212360	-0.024061	59.857528	0.006308
0.264619	-0.041828	70.556869	-0.004450
0.306547	-0.059537	71.943218	-0.014447
0.326334	-0.073361	84.413485	-0.022647
0.295844	-0.078236	83.372360	-0.029656
0.288731	-0.081474	90.586922	-0.037198
