MBK	ACC	OVV	EGG
-0.403215	0.555435	-90.252343	0.113380
-0.680780	0.312943	-170.733766	0.113378
-0.867229	0.113548	-200.656848	0.111659
-0.886798	-0.049690	-19.042853	0.103096
-0.273768	-0.188039	216.607806	0.098606
0.558085	-0.234336	290.957711	0.080998
0.808108	-0.169426	191.370580	0.069666
0.636590	-0.070020	92.295426	0.056544
0.474725	-0.023799	67.419620	0.045273
0.243788	-0.044146	36.028342	0.036186
-0.063723	-0.089536	15.990143	0.027226
-0.347069	-0.131539	1.266742	0.016899
-0.397739	-0.179668	33.772616	0.008494
-0.129407	-0.234256	123.562515	-0.001905
0.076387	-0.266405	148.623864	-0.010516
0.113400	-0.262225	148.498547	-0.018042
0.238294	-0.239617	172.866678	-0.023527
0.407312	-0.220275	139.288435	-0.033010
0.394715	-0.208163	115.335270	-0.037949
0.151041	-0.196026	104.005882	-0.048758
-0.142117	-0.173781	85.280986	-0.054969
-0.267184	-0.143325	98.780363	-0.061291
-0.231037	-0.117615	106.041415	-0.062203
-0.176570	-0.095758	114.368108	-0.067662
-0.072897	-0.076440	153.889768	-0.067907
0.084045	-0.058288	180.296920	-0.070256
0.233446	-0.044174	187.054374	-0.069765
0.275501	-0.038203	190.100570	-0.072003
0.235759	-0.029487	183.432105	-0.071499
0.171587	-0.005118	175.725172	-0.071514
0.104501	0.044993	173.183785	-0.070803
-0.006466	0.125920	159.237672	-0.067841
-0.103642	0.259016	144.347003	-0.065453
-0.154450	0.439732	132.601404	-0.045488
-0.150387	0.637358	95.372653	0.052577
-0.194193	0.739162	43.573521	0.097878
-0.325491	0.616758	-50.680759	0.108888
-0.577482	0.374648	-145.758193	0.112920
-0.797030	0.161998	-217.441800	0.111694
-0.935466	-0.000783	-97.744117	0.108390
-0.502463	-0.154185	170.047578	0.099004
0.385772	-0.234733	296.820745	0.086319
0.805857	-0.196325	233.475981	0.072931
0.686277	-0.093205	104.732517	0.056787
0.504311	-0.028216	72.553953	0.046136
0.308902	-0.035462	41.907093	0.038111
0.014830	-0.081658	26.820631	0.027379
-0.291886	-0.125023	3.847532	0.017504
-0.437275	-0.169427	19.825471	0.008487
-0.213986	-0.222283	102.144176	-0.001547
0.050853	-0.262035	151.267078	-0.010992
0.110529	-0.266930	143.984757	-0.019204
0.200435	-0.247761	173.729266	-0.028808
0.386009	-0.224894	145.478526	-0.036081
0.441553	-0.211457	116.830474	-0.042926
0.236044	-0.199504	108.740241	-0.054380
-0.072955	-0.181274	94.235274	-0.060904
-0.243115	-0.153921	95.230278	-0.067512
-0.232305	-0.126259	107.487173	-0.066510
-0.191856	-0.104058	103.133152	-0.070898
-0.112709	-0.085694	145.365936	-0.069112
0.048430	-0.068054	176.547607	-0.071514
0.218416	-0.052402	189.491927	-0.069978
0.289160	-0.040538	191.040932	-0.071608
0.266315	-0.027415	188.789479	-0.070071
0.200714	-0.003744	177.147962	-0.071026
0.130451	0.036610	177.668668	-0.069449
0.019602	0.101323	159.508546	-0.069159
-0.098779	0.217384	141.750549	-0.063235
-0.173905	0.390969	131.761392	-0.059155
-0.166979	0.591827	111.322258	0.032123
-0.174059	0.735047	67.125936	0.098166
-0.259235	0.663064	-19.710375	0.111486
-0.508816	0.430599	-130.953153	0.117721
-0.762182	0.207229	-218.986892	0.116189
-0.952310	0.039636	-157.268760	0.112719
-0.693935	-0.121355	121.155790	0.102698
0.202461	-0.229267	293.718609	0.092771
0.793474	-0.215329	268.979547	0.079421
0.739547	-0.115969	119.893541	0.065241
0.563900	-0.036668	79.238379	0.053177
0.391932	-0.028282	49.407405	0.043196
0.091408	-0.070897	29.232453	0.032492
-0.216871	-0.115583	6.830867	0.024288
-0.429373	-0.157940	6.183067	0.012809
-0.288002	-0.209089	76.458054	0.004411
0.012358	-0.255453	153.059064	-0.004906
0.098213	-0.269287	139.082303	-0.014162
0.162545	-0.254378	169.743296	-0.020242
0.356312	-0.229778	155.255436	-0.029072
0.458007	-0.214163	120.054581	-0.035701
0.312174	-0.205416	113.471730	-0.046195
0.005310	-0.193768	101.787628	-0.052503
-0.223441	-0.167963	87.122870	-0.059879
-0.245854	-0.138013	108.245173	-0.061065
-0.199558	-0.111864	101.392160	-0.065001
-0.126992	-0.089717	137.903995	-0.066497
0.026047	-0.067251	175.528445	-0.070336
0.198375	-0.048932	189.900187	-0.069557
0.293123	-0.036710	182.898219	-0.069924
0.279389	-0.030915	187.055304	-0.069896
0.210504	-0.015488	173.328974	-0.070208
0.139431	0.018794	180.057621	-0.067485
0.052090	0.083436	167.438313	-0.069997
-0.051562	0.185820	152.121578	-0.062295
-0.129598	0.341611	135.926412	-0.064878
-0.147948	0.533798	119.063382	0.003302
-0.159535	0.714268	71.248733	0.091569
-0.231334	0.707768	9.022448	0.106442
-0.423573	0.497241	-97.170197	0.118155
-0.667878	0.256597	-190.520636	0.117563
-0.897877	0.082666	-204.754977	0.112941
-0.848170	-0.075239	39.197167	0.107746
-0.053896	-0.206800	258.926198	0.098092
0.709455	-0.229786	293.323190	0.082179
0.798828	-0.144844	153.655198	0.069197
0.609856	-0.049494	85.058927	0.054750
0.454835	-0.021799	55.859103	0.044994
0.195024	-0.057958	37.552238	0.034361
-0.114537	-0.107294	11.399085	0.026072
-0.398888	-0.148588	-1.199887	0.014842
-0.360808	-0.198672	50.018904	0.005954
-0.042452	-0.250046	142.526590	-0.004610
0.107069	-0.273105	140.380597	-0.013584
0.142472	-0.261679	164.645891	-0.019910
0.305327	-0.236605	166.171454	-0.027758
0.455147	-0.218476	130.369070	-0.036182
0.392291	-0.207492	112.047708	-0.045815
0.098976	-0.194862	103.812449	-0.052475
-0.186159	-0.172288	88.570152	-0.061075
-0.248228	-0.146296	110.250493	-0.061510
-0.199796	-0.122232	99.872181	-0.065207
-0.154666	-0.097888	120.545193	-0.066962
-0.029708	-0.073143	163.012126	-0.068501
0.150653	-0.052401	193.264180	-0.069666
0.294914	-0.040004	190.168727	-0.071131
0.305299	-0.033658	190.422846	-0.070621
0.226019	-0.019412	170.625721	-0.070797
0.147912	0.010709	177.460140	-0.069858
0.075588	0.065158	175.498026	-0.069901
-0.017213	0.158239	161.240377	-0.064429
-0.102448	0.313875	139.451957	-0.067161
-0.146443	0.509572	123.654213	-0.011360
-0.152760	0.703139	80.134827	0.082934
-0.205161	0.731544	19.846545	0.106044
-0.392302	0.543333	-91.825460	0.119022
-0.663798	0.297834	-183.556348	0.117530
-0.881849	0.109577	-220.850367	0.114840
-0.902194	-0.053389	-0.671109	0.108284
-0.196780	-0.193884	240.058731	0.100305
0.628267	-0.232602	305.557461	0.085131
0.814994	-0.158182	178.587445	0.074021
0.659122	-0.058790	89.651230	0.057534
0.509078	-0.019461	57.367840	0.049291
0.225528	-0.046720	34.187227	0.039312
-0.097056	-0.096362	16.497133	0.030142
-0.390442	-0.139394	-0.817421	0.018852
-0.408842	-0.188853	36.613587	0.011246
-0.098659	-0.243050	132.008985	0.000257
0.087961	-0.272386	140.868156	-0.009593
0.135168	-0.266365	159.019980	-0.015998
0.292632	-0.242645	172.600387	-0.024031
0.453668	-0.223264	135.383210	-0.031430
0.432376	-0.212642	116.488558	-0.039741
0.168667	-0.202236	109.386921	-0.050157
-0.132274	-0.179792	86.661249	-0.056658
-0.246654	-0.150027	105.854339	-0.058450
-0.224574	-0.123321	103.846982	-0.062928
-0.177080	-0.099684	118.333896	-0.065006
-0.056330	-0.075094	158.401034	-0.065327
0.111740	-0.053043	188.063230	-0.066556
0.272397	-0.038616	190.806598	-0.066624
0.313424	-0.031200	193.179122	-0.065804
0.251208	-0.018366	174.941792	-0.067334
0.167320	0.008996	178.191962	-0.065624
0.084025	0.059908	174.165102	-0.065859
-0.023145	0.142834	162.213666	-0.062495
-0.109394	0.286730	139.557370	-0.062223
-0.164809	0.477364	125.684895	-0.023918
-0.172194	0.679520	87.873716	0.076834
-0.210722	0.743337	37.617905	0.108543
-0.353138	0.579476	-72.039407	0.119626
-0.629074	0.335121	-173.069575	0.119645
-0.869870	0.140289	-231.885034	0.118402
-0.948986	-0.022491	-43.114997	0.113789
-0.327606	-0.174160	215.024715	0.103671
0.544530	-0.234013	303.813810	0.090774
0.807804	-0.174244	196.660428	0.077204
0.663526	-0.071962	98.158212	0.060002
0.534947	-0.021775	68.989740	0.052128
0.286485	-0.040220	42.984254	0.040540
-0.051823	-0.088097	19.334999	0.032097
-0.382390	-0.129961	-3.456367	0.020616
-0.460754	-0.177795	25.271862	0.013855
-0.167092	-0.232782	119.868327	0.002096
0.051964	-0.268725	143.851156	-0.006974
0.107475	-0.267420	155.995534	-0.016570
0.261942	-0.245478	174.591071	-0.024437
0.428934	-0.223871	139.966827	-0.032414
0.443200	-0.212733	119.060405	-0.042341
0.213436	-0.202021	112.419499	-0.051565
-0.104705	-0.181306	90.348355	-0.059648
-0.246843	-0.153562	101.968611	-0.062105
-0.238353	-0.127513	103.115756	-0.064042
-0.215492	-0.104030	109.614062	-0.065900
-0.105586	-0.081612	153.012244	-0.066962
0.075474	-0.062176	186.877367	-0.068250
0.248368	-0.043683	192.216842	-0.066928
0.310448	-0.030303	196.021288	-0.066068
0.262647	-0.015933	185.417044	-0.067710
0.189652	0.006776	180.414932	-0.067368
0.097221	0.055833	174.574696	-0.065420
-0.038263	0.142446	157.167284	-0.062970
-0.131491	0.287383	142.774511	-0.060809
-0.181861	0.476507	133.563568	-0.028393
-0.188417	0.677948	91.269601	0.072868
-0.230761	0.749302	30.748086	0.109286
-0.372645	0.593630	-74.920277	0.119182
-0.629674	0.348612	-172.922903	0.120584
-0.857953	0.149850	-225.381784	0.119769
-0.948344	-0.014300	-50.308460	0.113467
-0.363352	-0.167702	209.961246	0.107111
0.513797	-0.230682	300.769943	0.093367
0.808338	-0.175155	201.291442	0.080261
0.673106	-0.072941	103.061700	0.063843
0.546267	-0.017603	70.767522	0.054302
0.305333	-0.032552	40.888734	0.043526
-0.031807	-0.082289	18.731531	0.034517
-0.376428	-0.127610	-10.131648	0.024889
-0.499890	-0.176106	17.697448	0.016018
-0.223069	-0.230514	114.442862	0.005321
0.034496	-0.268241	148.800158	-0.002437
0.117929	-0.272052	156.082288	-0.011443
0.274393	-0.249924	170.298338	-0.020242
0.437083	-0.225061	138.124382	-0.029289
0.452711	-0.213646	120.796264	-0.038553
0.244550	-0.206527	115.227271	-0.048629
-0.071860	-0.186368	89.762592	-0.053962
-0.247126	-0.155668	94.743568	-0.060400
-0.254961	-0.128450	103.373429	-0.059645
-0.223371	-0.104780	112.012636	-0.062196
-0.116443	-0.081773	153.551381	-0.064410
0.060342	-0.060537	185.414136	-0.064688
0.240375	-0.041656	191.786400	-0.064149
0.322553	-0.032090	194.637962	-0.065197
0.286926	-0.023274	185.557638	-0.064173
0.201389	-0.003002	178.200903	-0.065167
0.097931	0.042043	174.308554	-0.064819
-0.033520	0.121692	164.159187	-0.062039
-0.109791	0.258159	148.360276	-0.060022
-0.157016	0.442234	138.035880	-0.041330
-0.166193	0.650249	99.128002	0.060986
-0.206463	0.759719	45.207998	0.108049
-0.327288	0.638188	-52.649716	0.117568
-0.568562	0.393080	-153.399522	0.123469
-0.802403	0.180380	-232.508348	0.120206
-0.972564	0.013724	-103.370734	0.116416
-0.517116	-0.145826	172.374555	0.107964
0.398410	-0.230525	301.108262	0.095531
0.807460	-0.191646	228.239275	0.082730
0.701661	-0.088685	114.849021	0.065547
0.567429	-0.023322	74.494945	0.056020
0.357983	-0.030140	42.094561	0.042848
0.037565	-0.076489	24.346301	0.034575
-0.310976	-0.121595	-4.089083	0.025005
-0.493555	-0.168029	13.367426	0.016253
-0.250449	-0.224411	102.511371	0.006676
0.034517	-0.266846	144.793240	-0.003280
0.115798	-0.272119	150.661391	-0.012521
0.248488	-0.252295	176.948422	-0.020824
0.425076	-0.229634	147.983890	-0.031017
0.481068	-0.218640	123.550941	-0.041030
0.298830	-0.210295	114.606111	-0.049966
-0.030432	-0.191078	94.411406	-0.056829
-0.225236	-0.163616	100.137839	-0.060482
-0.233537	-0.137266	105.849564	-0.061108
-0.210321	-0.112778	107.511046	-0.063763
-0.123090	-0.085854	146.156278	-0.064099
0.044876	-0.062421	185.755912	-0.065205
0.245117	-0.041731	195.906928	-0.066084
0.345306	-0.028441	194.564289	-0.066095
0.304129	-0.016305	184.152587	-0.065677
0.220127	0.003552	178.194410	-0.065663
0.134740	0.047838	175.083510	-0.066569
-0.002283	0.125348	165.450305	-0.061143
-0.097616	0.259019	147.059880	-0.061899
-0.153133	0.444410	134.980368	-0.039451
-0.161571	0.653863	97.694426	0.064194
-0.202954	0.758143	42.370383	0.107260
-0.327191	0.628345	-59.094003	0.117782
-0.575727	0.385266	-157.316656	0.122045
-0.806291	0.176139	-229.723130	0.121013
-0.956776	0.009801	-93.815592	0.114713
-0.489004	-0.148987	178.545832	0.107916
0.421682	-0.230173	300.606919	0.091795
0.824504	-0.189932	230.408182	0.081874
0.736357	-0.087067	114.031434	0.066432
0.604345	-0.023653	75.855522	0.052720
0.377311	-0.033872	42.171218	0.043338
0.045117	-0.084823	23.155186	0.035016
-0.301309	-0.130525	-7.046632	0.022642
-0.501583	-0.175364	14.357238	0.013248
-0.263954	-0.228691	105.499892	0.006430
0.027865	-0.266479	149.327528	-0.005853
0.127932	-0.268986	154.155903	-0.014965
0.280945	-0.247708	176.632745	-0.023315
0.450422	-0.223803	143.698908	-0.032968
0.486817	-0.212103	121.751568	-0.041440
0.310215	-0.204943	114.189039	-0.052031
-0.011174	-0.188804	95.980328	-0.059138
-0.208731	-0.164272	99.181571	-0.061792
-0.233801	-0.136771	103.045512	-0.062500
-0.228601	-0.108128	104.702403	-0.064521
-0.141076	-0.084187	149.046435	-0.063792
0.046979	-0.063554	184.835707	-0.065181
0.254890	-0.044536	193.123132	-0.065455
0.361083	-0.030578	192.609859	-0.065206
0.332376	-0.019932	186.227538	-0.065086
0.250955	-0.003052	180.625820	-0.065888
0.157977	0.040956	177.365502	-0.065887
0.008805	0.120263	164.457628	-0.062610
-0.096404	0.259954	150.125764	-0.062598
-0.137670	0.451322	138.163256	-0.038497
-0.144467	0.659273	100.906744	0.061575
-0.196882	0.758132	43.538359	0.105189
-0.334998	0.630704	-64.669960	0.117704
-0.601119	0.391075	-165.276945	0.122095
-0.825241	0.180414	-227.885018	0.117995
-0.937139	0.007941	-84.279204	0.115092
-0.463220	-0.153433	176.318933	0.108034
0.415172	-0.229871	293.968152	0.094195
0.823453	-0.185995	226.298064	0.082533
0.740060	-0.085130	119.717443	0.065150
0.613232	-0.023875	80.914789	0.054948
0.391545	-0.030249	41.054676	0.043439
0.035105	-0.076841	17.531760	0.034582
-0.316073	-0.122988	-7.616269	0.024306
-0.497273	-0.172327	15.952832	0.015207
-0.280142	-0.226549	100.404734	0.003371
0.003260	-0.266463	146.080349	-0.005763
0.127882	-0.271525	155.022133	-0.013002
0.296654	-0.250508	176.153983	-0.023114
0.469898	-0.226119	148.267873	-0.030971
0.489253	-0.213407	124.757551	-0.040244
0.311950	-0.208104	113.625164	-0.053957
0.008061	-0.192708	95.158488	-0.061102
-0.199015	-0.166118	93.457633	-0.061524
-0.244730	-0.140829	103.112214	-0.064304
-0.230026	-0.115387	111.406373	-0.067222
-0.134028	-0.089550	150.589868	-0.064633
0.046359	-0.064137	185.612627	-0.067775
0.245489	-0.043451	195.354241	-0.067323
0.360904	-0.031916	195.565767	-0.067579
0.345834	-0.020369	188.376467	-0.069196
0.253383	0.001866	180.150332	-0.069365
0.147603	0.047325	178.608899	-0.067568
0.000041	0.122953	166.421305	-0.067117
-0.104170	0.250488	149.151678	-0.063694
-0.159827	0.431683	131.607952	-0.043865
-0.174269	0.643761	100.859242	0.054702
-0.206172	0.761544	50.799773	0.104779
-0.314679	0.644113	-45.356068	0.116724
-0.545627	0.400967	-150.767873	0.119470
-0.782638	0.190358	-234.626380	0.118857
-0.960652	0.024727	-111.259286	0.116182
-0.529250	-0.136143	166.057104	0.104639
0.387328	-0.224951	299.060450	0.092937
0.814857	-0.190952	233.083425	0.082326
0.717160	-0.090937	117.225474	0.065600
0.578330	-0.025443	77.075937	0.052669
0.374584	-0.030235	46.303567	0.041271
0.056841	-0.079089	28.716715	0.032617
-0.292966	-0.126541	-4.382716	0.021886
-0.512010	-0.173167	11.914583	0.013163
-0.312777	-0.225814	96.516290	0.003095
-0.020458	-0.265896	144.029958	-0.004574
0.101543	-0.274388	154.796746	-0.015317
0.262412	-0.256594	178.386837	-0.025975
0.445831	-0.232126	146.212932	-0.032969
0.485365	-0.218773	123.936332	-0.041887
0.312254	-0.213030	116.032012	-0.052474
-0.003546	-0.197726	101.675920	-0.060954
-0.214862	-0.171689	101.589261	-0.062694
-0.253233	-0.142352	105.209720	-0.062675
-0.239170	-0.113610	106.245813	-0.065035
-0.162276	-0.087807	148.233206	-0.064070
0.004279	-0.063811	183.269088	-0.064992
0.197690	-0.042111	193.959515	-0.064670
0.314834	-0.026675	192.182396	-0.065473
0.314117	-0.013431	186.399279	-0.066131
0.237643	0.006776	180.868316	-0.067397
0.134191	0.048803	177.717081	-0.064962
-0.022540	0.122598	162.000247	-0.062386
-0.141731	0.249354	146.993392	-0.060729
-0.192742	0.422700	133.866305	-0.043728
-0.188980	0.623540	104.387491	0.055743
-0.215448	0.746743	50.829745	0.107759
-0.331141	0.645422	-40.984042	0.119909
-0.556817	0.407481	-140.676156	0.123494
-0.765495	0.194402	-226.109891	0.122120
