MBK	ACC	OVV	EGG
0.098031	-0.003575	163.055790	-0.082792
0.014688	0.055567	158.172910	-0.078621
-0.078464	0.118463	134.645323	-0.078574
-0.108933	0.209525	139.707102	-0.073309
-0.116817	0.345353	126.408053	-0.068321
-0.105704	0.509382	130.228885	0.038893
-0.095223	0.594592	108.036513	0.107469
-0.129122	0.471280	84.859747	0.114928
-0.243956	0.252380	2.080672	0.120596
-0.446625	0.083168	-78.747030	0.119936
-0.694709	-0.046844	-151.366035	0.117720
-0.752160	-0.172102	-72.028438	0.110383
-0.425078	-0.213122	27.109225	0.101059
-0.044168	-0.124684	104.070376	0.089339
0.230632	0.022913	109.974774	0.075593
0.417494	0.115953	117.709291	0.060623
0.463966	0.118931	90.693758	0.051963
0.499485	0.060800	135.422877	0.040006
0.489302	-0.021748	130.362709	0.029822
0.385327	-0.121888	128.547697	0.018335
0.285772	-0.234371	133.496977	0.006733
0.215607	-0.314409	143.505163	-0.003652
0.066310	-0.324198	124.924334	-0.011209
-0.056377	-0.274626	106.686953	-0.020680
-0.199291	-0.193631	55.555249	-0.029473
-0.268580	-0.120803	34.301568	-0.036073
-0.243054	-0.067489	57.533711	-0.046751
-0.183551	-0.032342	84.883811	-0.059993
-0.128564	-0.022083	116.074388	-0.067924
-0.005282	-0.044362	133.211322	-0.072764
0.073399	-0.085526	134.410287	-0.074701
0.164211	-0.123679	144.583016	-0.073699
0.207340	-0.135751	166.333225	-0.077948
0.219236	-0.125238	176.013397	-0.077332
0.217533	-0.102980	190.739108	-0.079067
0.212875	-0.073324	188.984397	-0.078276
0.145214	-0.027843	176.347163	-0.081815
0.071497	0.024698	159.848799	-0.079627
-0.030552	0.084581	147.222823	-0.079928
-0.096855	0.154586	133.670774	-0.071894
-0.116439	0.273412	133.541102	-0.074702
-0.114313	0.429276	127.336814	-0.022497
-0.104727	0.576266	119.127354	0.091240
-0.105076	0.560435	98.550126	0.114058
-0.175491	0.366575	44.762909	0.124773
-0.339645	0.163223	-42.460480	0.122662
-0.576398	0.018407	-126.114002	0.122375
-0.769339	-0.115067	-131.416589	0.115983
-0.629833	-0.208850	-16.564688	0.109575
-0.210102	-0.184425	70.089769	0.096737
0.103186	-0.051986	112.655401	0.083497
0.352384	0.078169	113.343570	0.069487
0.459817	0.128309	106.468568	0.060620
0.488665	0.098646	103.307973	0.045185
0.508561	0.024615	147.714372	0.037299
0.453693	-0.068678	120.097319	0.023465
0.321458	-0.178796	135.351496	0.015599
0.257887	-0.281690	132.697267	0.003379
0.135578	-0.326839	139.909848	-0.003504
-0.003086	-0.306210	108.509444	-0.014500
-0.128352	-0.239643	90.396244	-0.021202
-0.241980	-0.158321	28.660919	-0.031536
-0.263059	-0.092628	49.596826	-0.042363
-0.203072	-0.047334	64.310367	-0.050048
-0.154138	-0.023571	106.646562	-0.061829
-0.052519	-0.030656	121.926611	-0.070907
0.055209	-0.061865	140.459316	-0.071829
0.130014	-0.102548	130.488852	-0.074445
0.204256	-0.129598	160.935992	-0.075047
0.224373	-0.133576	166.932284	-0.077495
0.229068	-0.116893	190.158084	-0.077719
0.227301	-0.091122	184.779325	-0.080341
0.187426	-0.053382	184.413815	-0.075809
0.112645	-0.005968	159.519115	-0.082329
0.032329	0.049879	156.894055	-0.078081
-0.064562	0.108746	133.494951	-0.081418
-0.098854	0.188845	137.484713	-0.070443
-0.105617	0.317270	125.232896	-0.076387
-0.092229	0.478888	130.938720	0.015807
-0.078318	0.588727	109.849069	0.104395
-0.103542	0.501649	92.204035	0.114149
-0.202919	0.288624	16.347621	0.124332
-0.391891	0.108765	-62.637399	0.116919
-0.637740	-0.023540	-145.765426	0.118873
-0.744073	-0.150992	-91.739473	0.110805
-0.477002	-0.212966	13.316477	0.103492
-0.080977	-0.147108	95.129651	0.087330
0.195275	-0.004315	107.526620	0.074767
0.393341	0.101495	113.831265	0.062891
0.448906	0.118172	91.402618	0.051046
0.486789	0.067964	124.145756	0.040251
0.489774	-0.008971	137.391898	0.030571
0.409915	-0.104074	124.997922	0.019500
0.297522	-0.214451	134.570042	0.008764
0.236019	-0.302037	140.029748	-0.002201
0.092002	-0.323375	131.018565	-0.012239
-0.036370	-0.285361	106.137635	-0.022272
-0.178411	-0.212373	68.421278	-0.028173
-0.259369	-0.137340	29.664946	-0.037192
-0.249728	-0.078943	54.391140	-0.046029
-0.188725	-0.040457	78.235289	-0.059658
-0.139622	-0.026403	115.789690	-0.068889
-0.022807	-0.042008	128.081637	-0.072850
0.065075	-0.076723	135.970362	-0.075397
0.153092	-0.112366	136.862437	-0.076139
0.208721	-0.131794	164.506256	-0.077429
0.227039	-0.130216	172.593241	-0.080408
0.227701	-0.111599	192.929115	-0.081685
0.217661	-0.080887	184.955451	-0.080861
0.157406	-0.034572	179.523048	-0.082673
0.087174	0.013880	161.148085	-0.081614
-0.004543	0.070613	154.990262	-0.081035
-0.083247	0.134546	132.960810	-0.077840
-0.114751	0.240153	133.219539	-0.076175
-0.122178	0.385633	123.323518	-0.053769
-0.107098	0.538410	125.972828	0.065089
-0.100829	0.573289	104.910920	0.112072
-0.151316	0.416895	66.062266	0.120553
-0.288781	0.206725	-22.134522	0.119724
-0.510411	0.050234	-102.160172	0.121651
-0.723931	-0.081773	-144.575700	0.116475
-0.684109	-0.192359	-42.405875	0.108354
-0.301847	-0.199012	49.236720	0.098755
0.043057	-0.088568	110.548279	0.084296
0.297303	0.049287	107.102186	0.069453
0.436316	0.117064	114.375430	0.058475
0.472249	0.101881	92.962388	0.048705
0.499280	0.037028	143.682661	0.036524
0.472582	-0.049656	122.240144	0.026139
0.351646	-0.154506	130.981285	0.015780
0.269617	-0.263294	130.630512	0.004387
0.175098	-0.324483	145.265500	-0.003256
0.025950	-0.315952	115.064277	-0.013760
-0.097612	-0.257664	100.650667	-0.021618
-0.221785	-0.179247	40.536519	-0.031453
-0.259317	-0.109938	42.553591	-0.038954
-0.217501	-0.061459	60.870118	-0.052288
-0.169349	-0.034159	97.892924	-0.059510
-0.100202	-0.033417	117.700771	-0.070424
0.018268	-0.059762	138.661165	-0.072483
0.091308	-0.099752	131.107000	-0.073908
0.180043	-0.130823	155.177032	-0.075843
0.208086	-0.135831	166.113420	-0.076510
0.212660	-0.119828	184.177770	-0.076318
0.204047	-0.096128	187.815332	-0.080177
0.183243	-0.063245	187.735013	-0.078698
0.106720	-0.015602	167.684504	-0.081225
0.030919	0.039069	158.319068	-0.077948
-0.070864	0.097159	139.086613	-0.079839
-0.116534	0.174821	136.016971	-0.071228
-0.131129	0.304537	127.540215	-0.077698
-0.126408	0.465559	128.259727	0.007014
-0.119117	0.584745	112.282062	0.102234
-0.131476	0.510941	91.928991	0.111815
-0.224193	0.301448	22.108666	0.121255
-0.408664	0.115398	-60.413567	0.118827
-0.653077	-0.021234	-142.737136	0.119269
-0.783244	-0.151429	-100.132753	0.111972
-0.533256	-0.218303	9.232481	0.103871
-0.122728	-0.159552	91.778006	0.088802
0.157707	-0.016345	112.179406	0.076771
0.372768	0.094554	115.234373	0.062453
0.438712	0.116896	95.115851	0.053677
0.469425	0.069593	118.567397	0.041090
0.475657	-0.008560	139.723822	0.032759
0.391678	-0.103314	121.113428	0.016547
0.270374	-0.214420	136.173794	0.008991
0.214124	-0.306445	137.820484	-0.001459
0.073055	-0.328592	131.946834	-0.011402
-0.053732	-0.290029	106.452604	-0.020371
-0.187795	-0.216987	74.508113	-0.027718
-0.270727	-0.142065	29.056681	-0.038025
-0.261957	-0.082383	56.059840	-0.048593
-0.200908	-0.044870	73.964398	-0.057781
-0.158244	-0.030583	115.040004	-0.070538
-0.039911	-0.048092	127.857002	-0.073097
0.048148	-0.084099	139.651952	-0.075413
0.136352	-0.121023	136.962981	-0.075223
0.196293	-0.137816	166.631833	-0.075668
0.208469	-0.134349	172.437046	-0.079051
0.210334	-0.113189	196.023215	-0.079689
0.206958	-0.083503	187.674052	-0.081589
0.148585	-0.039747	183.447271	-0.080941
0.080222	0.010570	161.346831	-0.081741
-0.015488	0.070686	153.548982	-0.079137
-0.102131	0.136758	134.361898	-0.076042
-0.127633	0.249130	138.352690	-0.077776
-0.135265	0.400935	123.706766	-0.043283
-0.126935	0.552984	125.325308	0.074451
-0.120285	0.568617	100.047055	0.110848
-0.178172	0.396173	57.620994	0.121287
-0.330907	0.185711	-31.107946	0.122670
-0.551998	0.033093	-110.171895	0.118260
-0.761899	-0.100119	-143.522076	0.115707
-0.685206	-0.204771	-31.513398	0.108565
-0.274337	-0.200293	56.645844	0.096506
0.061084	-0.079323	113.952895	0.086899
0.317325	0.056717	112.105890	0.068740
0.453122	0.117694	113.134287	0.059122
0.481715	0.096074	94.483181	0.046552
0.498077	0.027450	148.513739	0.035715
0.454928	-0.061400	121.656184	0.023575
0.322097	-0.166772	136.503646	0.018169
0.247104	-0.275505	132.130010	0.003588
0.145326	-0.330497	144.852326	-0.003777
-0.003227	-0.315923	109.456555	-0.015579
-0.129485	-0.253467	98.526939	-0.023383
-0.247617	-0.174193	34.438082	-0.031386
-0.274324	-0.105579	46.696201	-0.041329
-0.219036	-0.057680	62.919469	-0.052412
-0.164200	-0.031770	104.375566	-0.063520
-0.082669	-0.036716	121.028129	-0.069649
0.030611	-0.066482	141.822261	-0.075150
0.101476	-0.106325	132.060204	-0.076347
0.181562	-0.134125	159.996190	-0.073276
0.206632	-0.141077	167.901528	-0.079393
0.216683	-0.127042	189.707278	-0.078997
0.209511	-0.102852	189.031527	-0.081240
0.181444	-0.066074	188.948602	-0.079778
0.104122	-0.017749	166.684735	-0.082261
0.029228	0.041859	160.969039	-0.078448
-0.072010	0.104338	140.679827	-0.083212
-0.111696	0.189668	140.821081	-0.072821
-0.126394	0.322377	128.804309	-0.075804
-0.119365	0.480331	129.502550	0.016096
-0.112850	0.585485	111.759155	0.103834
-0.131066	0.497980	89.030269	0.112954
-0.237120	0.283310	13.110152	0.122863
-0.425198	0.099815	-63.521603	0.116609
-0.664828	-0.034289	-143.338714	0.117663
-0.774434	-0.159549	-91.009503	0.109421
-0.496465	-0.216577	16.240295	0.101449
-0.085006	-0.147472	96.310205	0.089801
0.195277	-0.003824	111.324022	0.073829
0.408646	0.101162	120.759858	0.059760
0.469777	0.117634	95.668990	0.050503
0.495831	0.065227	125.765485	0.038847
0.493971	-0.016813	139.695134	0.027954
0.396904	-0.113754	125.334523	0.016091
0.273142	-0.223678	136.628041	0.007193
0.213503	-0.310274	143.545607	-0.004135
0.066143	-0.327897	131.287965	-0.012615
-0.062610	-0.285828	108.377442	-0.021972
-0.196432	-0.211202	69.130162	-0.027162
-0.273234	-0.135509	31.502267	-0.040041
-0.252564	-0.078020	57.945231	-0.048209
-0.183027	-0.041855	79.617106	-0.060602
-0.134566	-0.031581	115.904856	-0.068867
-0.014331	-0.048521	131.024665	-0.073535
0.072265	-0.082569	138.660249	-0.073841
0.160539	-0.118614	140.879098	-0.076963
0.215546	-0.133124	169.515677	-0.079722
0.229622	-0.127417	174.966881	-0.079318
0.220945	-0.111142	194.481603	-0.083590
0.212502	-0.087497	186.602426	-0.082365
0.142944	-0.046711	177.909364	-0.084964
0.062727	0.005467	158.119658	-0.082529
-0.025061	0.067935	154.907939	-0.084384
-0.091740	0.137720	139.421781	-0.076063
-0.107158	0.249838	143.524166	-0.078865
-0.105397	0.401237	130.391705	-0.046232
-0.102504	0.554418	123.606189	0.073227
-0.101271	0.568832	100.072285	0.106920
-0.155250	0.393177	59.020792	0.117537
-0.307755	0.183378	-29.813848	0.117498
-0.535628	0.030382	-108.437546	0.117632
-0.746791	-0.100079	-136.764742	0.111255
-0.677043	-0.203210	-30.488319	0.107263
-0.278360	-0.199016	59.928907	0.094059
0.056577	-0.078849	113.447536	0.081747
0.307389	0.060130	109.908496	0.068360
0.439226	0.119978	112.323671	0.055756
0.476197	0.097804	98.344352	0.045718
0.500742	0.028185	147.816688	0.036192
0.457661	-0.059326	125.394684	0.024988
0.330383	-0.166159	137.601992	0.017196
0.255024	-0.272016	135.049994	0.004965
0.153405	-0.326168	144.727505	-0.005276
0.003566	-0.311987	113.147839	-0.014919
-0.124306	-0.250584	98.923121	-0.021478
-0.243352	-0.170113	39.265369	-0.032199
-0.266817	-0.102446	47.928974	-0.037283
-0.215483	-0.055205	63.636742	-0.050633
-0.160477	-0.029782	100.991975	-0.060706
-0.082928	-0.032953	120.114638	-0.068294
0.031870	-0.060915	139.260258	-0.071469
0.109397	-0.099540	133.828041	-0.075443
0.192098	-0.129728	156.922797	-0.074588
0.218040	-0.136695	168.542040	-0.076163
0.228467	-0.125272	186.871494	-0.078767
0.215276	-0.102670	189.795119	-0.080303
0.186799	-0.068498	186.416170	-0.078720
0.102749	-0.019068	168.835099	-0.082553
0.029349	0.036924	161.513962	-0.079543
-0.062184	0.095966	142.883993	-0.081065
-0.100796	0.170845	140.643431	-0.073233
-0.114201	0.294266	132.459736	-0.077920
-0.107697	0.447696	130.038760	-0.007829
-0.100544	0.571715	118.317950	0.094431
-0.107247	0.521804	99.367513	0.111525
-0.192170	0.320001	33.263952	0.120869
-0.365468	0.128519	-46.181965	0.115648
-0.601721	-0.008582	-131.881187	0.117091
-0.753595	-0.135267	-109.377106	0.109772
-0.551982	-0.210893	0.133731	0.102875
-0.137735	-0.167493	84.364272	0.090156
0.148372	-0.030567	111.737395	0.076158
0.367203	0.086556	115.500526	0.061860
0.446890	0.117866	100.540010	0.052696
0.483076	0.076766	115.429257	0.039301
0.501085	0.000229	147.616165	0.029453
0.437445	-0.092567	124.744242	0.017967
0.306734	-0.198990	139.655134	0.009425
0.249141	-0.293664	137.204641	-0.002582
0.113070	-0.324993	139.184661	-0.010752
-0.020053	-0.294388	110.143764	-0.019772
-0.152004	-0.223654	85.372831	-0.028356
-0.245685	-0.146942	30.289196	-0.036701
-0.250191	-0.085535	56.869676	-0.048938
-0.191445	-0.047544	71.504076	-0.059458
-0.153671	-0.032442	113.705285	-0.070272
-0.050076	-0.045324	126.274087	-0.076718
0.048222	-0.075964	141.349299	-0.075556
0.132606	-0.112729	135.512723	-0.077268
0.206429	-0.131763	171.931226	-0.080552
0.226355	-0.127375	175.409411	-0.083366
0.223276	-0.105205	196.496137	-0.082035
0.214870	-0.079941	189.264578	-0.083737
0.159090	-0.040501	183.822290	-0.084730
0.076985	0.008169	160.705501	-0.083497
-0.010196	0.067090	156.964975	-0.082072
-0.099224	0.131311	136.298476	-0.079294
-0.123382	0.235969	140.436287	-0.077532
-0.133503	0.385705	124.878586	-0.052384
-0.126117	0.546608	124.327467	0.066070
-0.121950	0.575611	100.698027	0.111622
-0.157824	0.406859	64.997449	0.117096
-0.293804	0.196118	-22.132627	0.120045
-0.512273	0.043943	-104.401648	0.117920
-0.737892	-0.090066	-141.857190	0.113207
-0.683834	-0.202426	-33.659392	0.106316
-0.288209	-0.206398	58.842125	0.095591
0.053646	-0.089543	115.492206	0.081046
0.301323	0.051938	114.392162	0.066871
0.445692	0.117014	116.380617	0.056944
0.475813	0.098604	97.669515	0.043397
0.499678	0.032130	149.487120	0.035174
0.452636	-0.053417	123.523390	0.023577
0.317371	-0.157144	134.890773	0.012344
0.241165	-0.264188	134.690637	0.002611
0.153337	-0.322647	147.040620	-0.006659
0.003551	-0.311759	116.613695	-0.017632
-0.114500	-0.250388	101.252891	-0.024258
-0.236157	-0.172589	39.152311	-0.033532
-0.260510	-0.106391	46.856131	-0.041838
-0.207260	-0.055977	64.823492	-0.050882
-0.154427	-0.025148	102.511471	-0.061608
-0.081606	-0.030279	122.681248	-0.072216
0.040655	-0.060657	141.498064	-0.072801
0.109577	-0.098039	133.159865	-0.075100
0.186518	-0.126600	157.427082	-0.076551
0.207687	-0.135687	169.545306	-0.080559
0.219389	-0.122974	188.991051	-0.078156
0.213946	-0.097546	193.891354	-0.083573
0.188466	-0.059201	188.521514	-0.079609
0.108351	-0.013441	168.501088	-0.082757
0.037883	0.039204	161.023503	-0.078842
-0.059537	0.098792	141.388736	-0.080420
-0.103546	0.181585	140.063754	-0.071717
-0.120076	0.314448	129.968491	-0.077159
-0.110782	0.476850	131.936243	0.012873
-0.098367	0.587612	117.456063	0.104460
-0.108078	0.503249	95.492935	0.110078
-0.207957	0.291360	20.762264	0.123177
-0.402763	0.109545	-62.634601	0.117057
-0.651983	-0.027457	-145.081072	0.119185
-0.770861	-0.158327	-92.322305	0.111580
-0.501769	-0.219733	17.643979	0.102280
-0.088929	-0.153508	97.385197	0.089599
0.189094	-0.008297	113.599776	0.076188
0.404542	0.099848	120.477358	0.063455
0.470159	0.120393	96.722821	0.052142
0.496927	0.072092	127.771843	0.040596
0.494002	-0.007310	142.354979	0.030115
0.399307	-0.104117	125.978561	0.018901
0.277246	-0.215195	138.103973	0.008991
0.222203	-0.304442	142.716118	-0.001476
0.078722	-0.325106	132.839365	-0.013167
-0.049936	-0.285034	109.703292	-0.019826
-0.184633	-0.209549	71.382329	-0.028232
-0.263193	-0.133858	31.748324	-0.037824
-0.245014	-0.077580	60.009016	-0.045009
-0.175055	-0.040722	79.212549	-0.061494
-0.127291	-0.027299	116.393484	-0.068686
-0.013772	-0.044116	130.650355	-0.075093
0.071667	-0.079451	138.790454	-0.076956
0.154349	-0.117317	141.465029	-0.077500
0.206581	-0.134734	168.300586	-0.080079
0.215426	-0.131178	173.477058	-0.081164
0.205275	-0.112460	195.557659	-0.084139
