MBK	ACC	OVV	EGG
0.292119	-0.222683	171.458552	-0.493318
0.195203	-0.229805	185.722640	-0.495991
0.100219	-0.220063	183.618634	-0.500364
0.025867	-0.202346	174.714868	-0.501874
-0.048460	-0.184935	184.308536	-0.506870
-0.103935	-0.171928	173.458938	-0.510871
-0.120186	-0.153631	176.634148	-0.511787
-0.137038	-0.116621	183.281984	-0.517167
-0.114640	-0.056071	184.702900	-0.520883
-0.082599	0.017767	197.295642	-0.519939
-0.051452	0.092484	199.463905	-0.525255
-0.023405	0.167326	195.935549	-0.527029
-0.013670	0.241508	192.320606	-0.522929
-0.020191	0.314624	179.338672	-0.499580
-0.059845	0.371490	157.179808	-0.474190
-0.111141	0.375245	129.897569	-0.462470
-0.203015	0.299569	88.137601	-0.458970
-0.294085	0.184519	40.572487	-0.456246
-0.397116	0.085754	6.904529	-0.456366
-0.432271	0.011739	-26.186208	-0.460910
-0.476654	-0.050836	-52.500529	-0.464405
-0.452558	-0.093431	-71.564412	-0.466943
-0.405512	-0.106887	-89.027275	-0.472923
-0.314384	-0.091520	-89.455854	-0.473935
-0.227231	-0.066199	-85.166221	-0.473324
-0.077590	-0.044887	-76.628351	-0.478035
0.035690	-0.034729	-47.854971	-0.476962
0.165380	-0.029059	-35.035065	-0.478307
0.291147	-0.019371	3.030618	-0.481421
0.366399	-0.015937	36.778164	-0.485078
0.449866	-0.027266	61.439558	-0.488766
0.475478	-0.061603	95.451108	-0.491968
0.491905	-0.109189	118.585698	-0.492798
0.458615	-0.153569	134.408754	-0.492653
0.429957	-0.183429	159.795981	-0.494879
0.345117	-0.206664	175.398068	-0.493619
0.285371	-0.224098	177.607657	-0.493522
0.180132	-0.227718	189.602210	-0.496702
0.097611	-0.215973	183.465249	-0.498305
0.019198	-0.198493	183.127634	-0.500764
-0.058001	-0.182226	185.912625	-0.505739
-0.104371	-0.167954	174.472570	-0.507181
-0.126371	-0.146609	182.861825	-0.510334
-0.143357	-0.108237	182.406250	-0.515522
-0.112754	-0.046078	186.513723	-0.515357
-0.093584	0.028355	198.990131	-0.518739
-0.054799	0.103821	192.848616	-0.522608
-0.035890	0.175733	194.589278	-0.523244
-0.023862	0.252557	187.744095	-0.519937
-0.039833	0.324273	171.994925	-0.493447
-0.068720	0.375567	151.936814	-0.468837
-0.134735	0.366942	121.345631	-0.460473
-0.210946	0.280928	77.823317	-0.455754
-0.314807	0.166798	33.595020	-0.452360
-0.395548	0.072977	-2.644198	-0.456780
-0.438942	0.001076	-33.161930	-0.460278
-0.461144	-0.059448	-57.912137	-0.461727
-0.444651	-0.098244	-76.910584	-0.467778
-0.380725	-0.107454	-91.326639	-0.472748
-0.297231	-0.089540	-88.656510	-0.473378
-0.200125	-0.064754	-88.523608	-0.475284
-0.051038	-0.045565	-71.126556	-0.477425
0.052165	-0.036379	-50.053693	-0.475028
0.197292	-0.027331	-28.504028	-0.478071
0.294013	-0.017000	5.248241	-0.480832
0.393837	-0.014124	38.721227	-0.484174
0.439348	-0.031245	67.409272	-0.489968
0.492623	-0.067318	93.331451	-0.490416
0.473622	-0.115370	123.540046	-0.489590
0.460999	-0.157543	134.005409	-0.493519
0.412554	-0.186957	163.337621	-0.494090
0.334579	-0.209759	173.811140	-0.492815
0.268492	-0.224963	175.039397	-0.496927
0.164711	-0.226190	188.059702	-0.498310
0.084067	-0.214189	179.042384	-0.498962
0.002402	-0.196330	181.471494	-0.505276
-0.066047	-0.183659	181.811764	-0.506956
-0.115496	-0.172051	173.393037	-0.509636
-0.131391	-0.148705	179.877453	-0.514386
-0.143067	-0.103180	181.905528	-0.516394
-0.112391	-0.035239	188.155915	-0.518684
-0.088947	0.041295	197.817333	-0.523003
-0.051992	0.117457	197.148061	-0.523810
-0.034452	0.188390	194.001431	-0.525539
-0.024088	0.258683	186.982226	-0.521693
-0.046197	0.327028	171.044843	-0.489846
-0.076334	0.374197	149.677774	-0.469464
-0.143304	0.359889	119.219011	-0.462553
-0.226396	0.273418	72.769899	-0.456150
-0.323153	0.157952	31.923542	-0.456636
-0.406102	0.061417	-6.521709	-0.459165
-0.445088	-0.011714	-35.352038	-0.460765
-0.469150	-0.068667	-58.737584	-0.464076
-0.436263	-0.103265	-78.722545	-0.471722
-0.382997	-0.108941	-90.561613	-0.472767
-0.287659	-0.088418	-90.713975	-0.475881
-0.188850	-0.062090	-85.273942	-0.478683
-0.048326	-0.041850	-70.462720	-0.478354
0.063364	-0.031694	-48.166538	-0.479499
0.200018	-0.024250	-25.516501	-0.482991
0.296522	-0.018009	7.486064	-0.483587
0.387503	-0.018033	41.010202	-0.487975
0.440753	-0.034655	68.202259	-0.491334
0.476843	-0.071606	96.598958	-0.489061
0.469579	-0.120700	122.569283	-0.491691
0.449310	-0.162318	140.482173	-0.496278
0.399513	-0.190730	164.349210	-0.493308
0.331270	-0.210700	173.459290	-0.495691
0.256105	-0.223015	181.481421	-0.496923
0.160818	-0.223449	186.024404	-0.497026
0.082212	-0.212699	181.647111	-0.500098
-0.002321	-0.194699	182.633794	-0.504648
-0.064445	-0.179072	179.074790	-0.504089
-0.110292	-0.164464	176.627631	-0.510436
-0.134097	-0.142293	179.847715	-0.514015
-0.136402	-0.096779	181.208221	-0.514469
-0.114234	-0.028307	190.650891	-0.518220
-0.091119	0.049322	194.761470	-0.523029
-0.055520	0.125518	193.508876	-0.522336
-0.043800	0.198700	192.021994	-0.525699
-0.035190	0.274428	180.671928	-0.517118
-0.056228	0.340166	166.156159	-0.483966
-0.090996	0.376917	143.881265	-0.467554
-0.163572	0.346086	108.693573	-0.458812
-0.236748	0.249372	65.540509	-0.452790
-0.345142	0.135191	21.193981	-0.454752
-0.402341	0.047003	-10.844967	-0.455526
-0.445455	-0.021024	-39.384892	-0.457982
-0.449774	-0.074260	-63.840102	-0.464251
-0.425551	-0.103963	-77.226005	-0.467626
-0.345948	-0.104154	-92.251193	-0.469852
-0.268050	-0.082977	-85.330357	-0.473925
-0.158924	-0.058007	-84.158755	-0.475107
-0.012894	-0.039945	-64.452135	-0.474601
0.083295	-0.031257	-41.137436	-0.478435
0.225055	-0.022951	-22.833874	-0.478679
0.313176	-0.015772	14.319006	-0.480364
0.400280	-0.017313	46.486687	-0.487584
0.442053	-0.037206	71.680192	-0.488859
0.487445	-0.075957	103.896595	-0.487477
0.458085	-0.123725	126.232088	-0.491107
0.451974	-0.163564	138.639241	-0.492389
0.387833	-0.192674	169.763322	-0.490632
0.320862	-0.215244	173.405314	-0.493860
0.246817	-0.227552	178.960002	-0.494883
0.149120	-0.222161	187.814004	-0.495738
0.073439	-0.204765	178.508685	-0.501476
-0.002823	-0.186582	182.292667	-0.503255
-0.067527	-0.173621	181.548814	-0.504682
-0.107600	-0.159881	175.024385	-0.510633
-0.123955	-0.131786	182.098390	-0.512595
-0.133641	-0.081633	181.677369	-0.516065
-0.100215	-0.012132	190.192910	-0.519841
-0.084940	0.062117	197.062917	-0.520721
-0.049776	0.136531	192.483677	-0.522748
-0.043707	0.212359	191.410939	-0.526957
-0.033505	0.288485	180.420427	-0.508942
-0.065420	0.352999	161.631635	-0.478899
-0.099399	0.380125	137.566205	-0.466779
-0.176694	0.334919	100.741622	-0.457508
-0.253398	0.228417	55.350123	-0.454884
-0.357285	0.117148	15.219591	-0.455570
-0.407536	0.033317	-17.647601	-0.456529
-0.441225	-0.031456	-43.294721	-0.460558
-0.443899	-0.082596	-67.653750	-0.466219
-0.401429	-0.105402	-82.442651	-0.468891
-0.330229	-0.098449	-93.259637	-0.473480
-0.235887	-0.073935	-87.449351	-0.476871
-0.130027	-0.050355	-83.325934	-0.475957
0.015289	-0.035100	-62.407040	-0.477466
0.109333	-0.027498	-41.069930	-0.479443
0.252821	-0.018048	-19.300080	-0.479025
0.326657	-0.011668	21.448907	-0.483935
0.417453	-0.016694	46.862696	-0.490654
0.452958	-0.043206	76.534534	-0.490017
0.486247	-0.087585	104.665963	-0.491138
0.463975	-0.135273	124.178864	-0.493493
0.446665	-0.169686	144.907436	-0.492296
0.385005	-0.193938	167.778606	-0.494855
0.322624	-0.213244	174.174436	-0.494650
0.241399	-0.222120	183.289217	-0.495460
0.153724	-0.213360	185.055670	-0.498758
0.074840	-0.194963	180.439990	-0.499886
0.000194	-0.178475	183.008439	-0.500181
-0.063041	-0.168137	177.660283	-0.505204
-0.098029	-0.151632	177.614444	-0.509793
-0.123518	-0.117923	181.138835	-0.510866
-0.114206	-0.060365	183.194090	-0.515897
-0.102531	0.009899	192.276634	-0.518765
-0.072050	0.085051	191.835461	-0.520101
-0.056589	0.158682	188.086289	-0.523685
-0.041789	0.233789	181.930594	-0.521637
-0.051708	0.312068	168.682098	-0.495052
-0.074207	0.372912	149.997751	-0.470761
-0.127027	0.377730	121.674971	-0.460088
-0.198735	0.299850	79.384528	-0.453007
-0.284477	0.183443	38.971861	-0.453483
-0.374137	0.082989	-3.637305	-0.453778
-0.400241	0.008405	-24.390682	-0.455901
-0.440691	-0.053370	-56.916964	-0.462229
-0.405651	-0.094491	-73.287820	-0.465813
-0.373390	-0.105375	-84.522709	-0.469464
-0.270158	-0.089454	-95.699702	-0.474699
-0.199440	-0.063604	-78.406890	-0.474299
-0.058280	-0.042990	-81.213910	-0.475224
0.056997	-0.031111	-48.850285	-0.478118
0.160990	-0.021693	-32.740013	-0.477533
0.294945	-0.010864	-6.623378	-0.477724
0.354415	-0.007357	37.319692	-0.484101
0.434426	-0.018853	53.551561	-0.487056
0.464888	-0.050697	88.672549	-0.487485
0.479011	-0.098747	113.817650	-0.490319
0.452692	-0.145010	128.634338	-0.491444
0.429124	-0.178103	153.003658	-0.491780
0.358278	-0.202713	169.272550	-0.493228
0.295008	-0.221577	172.250244	-0.492928
0.213549	-0.225070	180.696513	-0.496059
0.123714	-0.211456	181.506713	-0.499221
0.054719	-0.191159	176.766476	-0.499162
-0.018054	-0.174184	182.550298	-0.503415
-0.074151	-0.160047	175.325122	-0.508679
-0.096725	-0.139846	177.479646	-0.508425
-0.119590	-0.102030	184.615189	-0.511942
-0.105821	-0.041669	183.838191	-0.516792
-0.088611	0.032046	194.828591	-0.517108
-0.061490	0.108709	195.484429	-0.522809
-0.047671	0.186373	190.629895	-0.525287
-0.034873	0.267138	185.653761	-0.514766
-0.055203	0.339984	168.052519	-0.484700
-0.083341	0.383733	146.462774	-0.466291
-0.149602	0.361984	113.231479	-0.455898
-0.221826	0.270828	70.992801	-0.453025
-0.320556	0.155914	29.115769	-0.454462
-0.388319	0.060301	-8.415340	-0.454897
-0.425022	-0.011767	-33.212069	-0.460179
-0.443526	-0.065387	-61.990957	-0.463621
-0.412078	-0.096948	-76.191552	-0.467737
-0.354919	-0.100987	-89.822679	-0.471373
-0.264472	-0.081696	-90.206058	-0.473401
-0.170969	-0.057116	-82.929256	-0.474961
-0.030882	-0.038098	-73.253405	-0.477565
0.073856	-0.028913	-46.383627	-0.477245
0.197542	-0.020195	-27.681436	-0.478077
0.305254	-0.010980	6.424734	-0.480437
0.374677	-0.009135	41.309374	-0.484404
0.443586	-0.023753	62.958378	-0.486951
0.470618	-0.060392	96.984376	-0.488230
0.473186	-0.109951	119.126620	-0.489827
0.449918	-0.153590	134.818284	-0.491938
0.413697	-0.183212	161.351645	-0.492217
0.339329	-0.204274	171.317839	-0.493613
0.279670	-0.217690	176.481217	-0.493512
0.181923	-0.217223	185.976943	-0.496591
0.105598	-0.201535	178.186619	-0.497396
0.027613	-0.181346	180.412000	-0.500845
-0.042502	-0.165090	179.597677	-0.504970
-0.090160	-0.152550	174.293998	-0.506841
-0.116523	-0.131907	179.275479	-0.508609
-0.131685	-0.087402	180.544465	-0.514513
-0.112276	-0.020269	186.245657	-0.515734
-0.096193	0.055215	193.971370	-0.517865
-0.068436	0.129167	189.606984	-0.522158
-0.057034	0.203369	187.121597	-0.522524
-0.048346	0.283870	178.424565	-0.503829
-0.071318	0.358423	161.425932	-0.474592
-0.099401	0.390092	138.197818	-0.458860
-0.171913	0.338047	101.697894	-0.451454
-0.247267	0.225903	56.303079	-0.452145
-0.345250	0.116174	18.922152	-0.448620
-0.387700	0.034798	-13.401912	-0.452180
-0.429959	-0.031801	-39.983337	-0.456708
-0.424328	-0.082585	-61.532955	-0.461257
-0.389920	-0.106081	-78.269033	-0.465243
-0.317802	-0.098223	-88.147761	-0.469845
-0.240526	-0.072141	-83.060076	-0.471036
-0.120224	-0.046314	-78.991562	-0.473335
-0.001539	-0.031685	-56.112900	-0.474820
0.104773	-0.024339	-39.801406	-0.474388
0.231612	-0.014845	-15.518935	-0.476545
0.309810	-0.007170	21.730666	-0.479324
0.390208	-0.012745	47.506529	-0.482329
0.433930	-0.037631	76.027432	-0.487004
0.460521	-0.080067	106.326637	-0.486673
0.448309	-0.128087	122.862253	-0.487418
0.431012	-0.164563	145.148018	-0.489994
0.373860	-0.190170	168.252445	-0.489769
0.318441	-0.209573	171.690632	-0.489428
0.239907	-0.219216	183.813549	-0.491780
0.153992	-0.212293	184.065725	-0.494828
0.081611	-0.193579	179.272744	-0.495059
0.001059	-0.174038	185.335329	-0.501437
-0.059726	-0.160109	176.974829	-0.503917
-0.098794	-0.146495	178.514942	-0.505479
-0.127984	-0.119145	182.624205	-0.509329
-0.128852	-0.068289	179.541862	-0.512959
-0.111752	0.002166	192.439340	-0.513397
-0.096141	0.077879	192.024618	-0.516977
-0.065649	0.149615	189.826968	-0.519589
-0.064224	0.224268	187.590818	-0.516322
-0.057776	0.303421	171.380847	-0.492911
-0.088789	0.368051	155.975082	-0.466400
-0.125674	0.374792	127.443161	-0.454735
-0.203937	0.299462	86.250681	-0.450881
-0.279341	0.182747	44.816383	-0.448640
-0.369868	0.084719	7.988410	-0.448676
-0.400237	0.016083	-21.632748	-0.453747
-0.435612	-0.043294	-46.006403	-0.457321
-0.415047	-0.086347	-67.654649	-0.461642
-0.378371	-0.102320	-81.012883	-0.467214
-0.295089	-0.088174	-87.213381	-0.470515
-0.219288	-0.062861	-82.726201	-0.470645
-0.090047	-0.043227	-72.827816	-0.474204
0.015221	-0.036377	-53.523468	-0.474381
0.134515	-0.026863	-35.428322	-0.475909
0.239755	-0.016093	-5.269541	-0.477933
0.329495	-0.010863	26.842484	-0.480222
0.388634	-0.020435	55.526373	-0.483801
0.438523	-0.049311	80.925442	-0.488186
0.455083	-0.095904	109.212606	-0.487717
0.438042	-0.142860	126.899129	-0.490060
0.419617	-0.175474	150.636991	-0.492393
0.359445	-0.200076	168.161382	-0.489542
0.302448	-0.217735	174.301219	-0.492402
0.219059	-0.221469	181.355242	-0.494818
0.146112	-0.206936	184.160195	-0.495552
0.059813	-0.185677	182.108581	-0.498098
-0.001160	-0.167446	182.413612	-0.502492
-0.070636	-0.157046	179.927048	-0.504939
-0.099176	-0.143014	178.436169	-0.507975
-0.128689	-0.109477	182.036779	-0.512169
-0.121524	-0.049197	187.452487	-0.513483
-0.112168	0.025146	192.378252	-0.517219
-0.086857	0.103450	192.059279	-0.522234
-0.076915	0.178417	188.906243	-0.522141
-0.065202	0.256286	179.500066	-0.514350
-0.079917	0.331265	164.958001	-0.485504
-0.107438	0.377898	144.529162	-0.464668
-0.159763	0.354948	111.486689	-0.456588
-0.232979	0.258410	69.883862	-0.453816
-0.319492	0.143853	26.476919	-0.450557
-0.383693	0.053705	-6.765535	-0.453463
-0.413812	-0.013915	-32.283841	-0.457190
-0.432576	-0.069406	-58.515418	-0.458959
-0.396588	-0.100699	-74.132577	-0.464159
-0.346067	-0.102639	-88.365562	-0.468267
-0.254068	-0.082190	-87.670259	-0.469036
-0.171259	-0.057860	-81.256735	-0.472774
-0.031292	-0.040908	-68.053367	-0.472676
0.060282	-0.031395	-43.736221	-0.472300
0.189137	-0.020972	-28.527123	-0.474993
0.278819	-0.012727	8.509737	-0.478041
0.360741	-0.012841	37.249093	-0.479268
0.414124	-0.027505	64.400587	-0.484530
0.452064	-0.061784	95.261010	-0.486537
0.453492	-0.111538	115.286196	-0.485552
0.437487	-0.154778	135.596894	-0.490083
0.399212	-0.184377	158.239576	-0.490174
0.342263	-0.206914	169.279884	-0.487804
0.275244	-0.219156	176.429477	-0.491113
0.192873	-0.217733	181.217280	-0.491605
0.118222	-0.203036	180.772520	-0.493838
0.040316	-0.183740	181.608042	-0.498557
-0.025279	-0.167891	180.721397	-0.502159
-0.077792	-0.155074	176.281623	-0.504261
-0.105704	-0.134291	179.965865	-0.509481
-0.125518	-0.093367	180.532288	-0.511439
-0.109077	-0.028799	188.209880	-0.512404
-0.101405	0.047674	194.588668	-0.518377
-0.071767	0.126614	191.203351	-0.518803
-0.063790	0.204507	190.082913	-0.519648
-0.055743	0.282750	178.644886	-0.505808
-0.077168	0.351867	161.156224	-0.474433
-0.110614	0.385041	138.369830	-0.458489
-0.172785	0.338955	100.317969	-0.453309
-0.249717	0.228914	57.297426	-0.449886
-0.342011	0.112740	16.965138	-0.449825
-0.386978	0.028021	-14.372482	-0.455137
-0.424261	-0.035764	-41.301387	-0.456726
-0.424682	-0.085189	-62.796383	-0.462658
-0.384119	-0.108362	-80.516857	-0.468249
-0.319988	-0.100528	-89.841534	-0.468426
-0.236894	-0.073908	-86.012756	-0.470618
-0.126401	-0.047645	-82.862768	-0.474284
-0.006069	-0.031663	-59.645021	-0.473159
0.094030	-0.024892	-44.046365	-0.474583
0.224384	-0.015536	-21.181256	-0.478882
0.295468	-0.011355	18.739116	-0.478567
0.384888	-0.018473	38.891319	-0.485022
0.423554	-0.040529	73.835559	-0.488357
0.457183	-0.079591	102.914844	-0.486183
0.452159	-0.127321	117.699635	-0.490995
0.435946	-0.166246	144.442381	-0.493248
0.383947	-0.192620	162.635185	-0.490329
0.338352	-0.210789	169.083046	-0.492638
0.256001	-0.219089	184.561620	-0.495875
0.177761	-0.211871	179.133158	-0.496179
0.106713	-0.194492	182.632265	-0.498939
0.018909	-0.178140	183.228711	-0.504159
-0.034003	-0.168370	174.704726	-0.504828
-0.088330	-0.155378	180.780680	-0.508975
