MBK	ACC	OVV	EGG
0.135363	-0.137829	150.412962	-0.071590
0.108758	-0.168695	144.094169	-0.075707
0.052252	-0.194364	134.839529	-0.083439
-0.002531	-0.193224	144.737799	-0.085301
-0.016894	-0.157189	131.616145	-0.090171
-0.069269	-0.105460	128.923083	-0.092745
-0.083016	-0.043086	128.424061	-0.096306
-0.082602	0.021630	125.603633	-0.096021
-0.082891	0.086736	118.439107	-0.098465
-0.087724	0.153782	126.523627	-0.096154
-0.060137	0.232437	119.888933	-0.094891
-0.050970	0.321052	117.823650	-0.086613
-0.050878	0.467721	113.902461	0.036046
-0.037014	0.588591	107.272088	0.097062
-0.048800	0.487117	88.696474	0.103483
-0.078650	0.259873	75.837420	0.114351
-0.132247	0.090121	31.943279	0.111106
-0.256497	-0.025961	45.011843	0.109552
-0.233782	-0.151428	39.493735	0.101437
-0.271215	-0.220206	9.684630	0.096852
-0.337469	-0.168944	18.158468	0.085239
-0.252353	-0.030243	7.130020	0.079961
-0.234432	0.080587	5.137417	0.065438
-0.159238	0.117039	12.435677	0.054539
-0.051732	0.099437	40.939453	0.042234
0.080273	0.039349	27.395816	0.031959
0.117109	-0.057678	48.850463	0.021955
0.206274	-0.162993	76.947141	0.016129
0.276150	-0.246145	79.086040	0.007381
0.255691	-0.280576	105.744185	-0.000113
0.307740	-0.251042	127.647105	-0.009953
0.309649	-0.188270	122.828475	-0.018942
0.266563	-0.136153	137.899648	-0.030795
0.263774	-0.105064	148.407547	-0.040606
0.231182	-0.103043	146.619676	-0.056118
0.181209	-0.124411	142.736953	-0.067383
0.133942	-0.149126	153.518431	-0.075098
0.103265	-0.177429	137.452300	-0.079039
0.032226	-0.196042	137.308912	-0.087404
-0.004864	-0.184454	141.523809	-0.086728
-0.029516	-0.142634	129.573258	-0.093982
-0.079617	-0.087530	127.581606	-0.092825
-0.082434	-0.023058	127.411877	-0.099595
-0.085858	0.043769	121.985540	-0.096422
-0.082806	0.108723	120.071328	-0.102131
-0.080493	0.173933	124.744674	-0.094636
-0.051609	0.253579	115.752618	-0.103046
-0.047013	0.357780	112.969820	-0.060543
-0.043779	0.521641	113.181324	0.068056
-0.029619	0.584828	101.852021	0.097961
-0.054051	0.421198	86.630695	0.108818
-0.082974	0.201700	61.926209	0.112697
-0.168845	0.058416	24.374724	0.112221
-0.266767	-0.060917	52.824857	0.106888
-0.221003	-0.181442	24.557009	0.104118
-0.311166	-0.217443	12.602143	0.094341
-0.312093	-0.130233	14.847770	0.084730
-0.241064	0.011773	5.972463	0.080103
-0.219009	0.098776	4.449627	0.065011
-0.124462	0.117259	23.400241	0.053901
-0.003294	0.087799	40.076798	0.042401
0.105873	0.020561	28.919911	0.030942
0.138840	-0.082801	60.726925	0.022267
0.248005	-0.190403	75.849897	0.015673
0.270431	-0.264607	83.818964	0.004745
0.263658	-0.281291	114.542593	-0.005010
0.315557	-0.237966	127.325354	-0.011304
0.291198	-0.175503	124.837269	-0.021060
0.250999	-0.128402	144.004837	-0.033172
0.248725	-0.101072	149.118949	-0.041595
0.205845	-0.105165	143.548673	-0.057320
0.149393	-0.128287	146.602667	-0.066792
0.114530	-0.152591	151.299963	-0.074747
0.072981	-0.180288	132.556736	-0.078061
0.000298	-0.194047	140.930353	-0.086294
-0.019002	-0.176113	138.483326	-0.084334
-0.057948	-0.132674	126.100117	-0.091835
-0.094913	-0.074922	127.771098	-0.091663
-0.091498	-0.006400	128.079303	-0.097607
-0.089250	0.058020	120.162359	-0.093554
-0.088519	0.119718	122.340897	-0.099486
-0.075687	0.187675	123.596938	-0.091077
-0.045434	0.268232	116.567244	-0.101865
-0.046845	0.378733	117.189065	-0.039644
-0.033292	0.540498	112.578959	0.080674
-0.030519	0.570195	99.307550	0.096675
-0.058594	0.385642	86.974576	0.113530
-0.087301	0.175424	54.498215	0.111569
-0.192901	0.041696	28.040178	0.112600
-0.268169	-0.079841	54.895568	0.108405
-0.228789	-0.191802	20.824816	0.101543
-0.329822	-0.209913	15.456690	0.092616
-0.303954	-0.108677	15.497208	0.085307
-0.247885	0.029492	6.226982	0.074488
-0.217592	0.103980	4.835233	0.062272
-0.122152	0.112014	27.845330	0.050191
0.004217	0.073907	36.860248	0.039648
0.096673	0.001097	28.929879	0.026004
0.134715	-0.102173	65.339867	0.021623
0.246611	-0.200998	78.165396	0.013944
0.255550	-0.268240	88.086916	0.002339
0.260068	-0.273660	120.653541	-0.005293
0.308629	-0.224790	125.847798	-0.012212
0.277671	-0.164854	125.572254	-0.023976
0.248538	-0.123862	146.453437	-0.034447
0.245463	-0.102648	146.770143	-0.047799
0.195477	-0.112316	144.011335	-0.060940
0.145124	-0.134219	147.908715	-0.071286
0.109855	-0.160763	148.617867	-0.077845
0.066610	-0.186401	132.851649	-0.081167
-0.002078	-0.193987	142.970228	-0.084393
-0.017931	-0.168372	134.754461	-0.088708
-0.061362	-0.121085	129.106440	-0.092901
-0.092394	-0.060606	128.448453	-0.093613
-0.090185	0.005755	128.932450	-0.097409
-0.088327	0.070603	119.585310	-0.095013
-0.092054	0.134456	125.366514	-0.098473
-0.074944	0.209754	120.957228	-0.092308
-0.053817	0.297197	116.968808	-0.099475
-0.058025	0.435357	113.316395	0.003519
-0.046814	0.586279	110.989119	0.092774
-0.047158	0.537799	93.274500	0.097641
-0.079954	0.316807	79.582601	0.114706
-0.125450	0.126517	40.833323	0.111534
-0.245031	0.005254	36.238189	0.110745
-0.266926	-0.123105	48.754582	0.104835
-0.261855	-0.217891	9.144310	0.100174
-0.357316	-0.194792	17.322021	0.089287
-0.285711	-0.064698	7.188238	0.084417
-0.256223	0.062569	3.829427	0.075765
-0.198011	0.115358	6.668996	0.064063
-0.088225	0.109199	33.301376	0.050242
0.043681	0.059406	30.022225	0.039464
0.108287	-0.025815	38.576337	0.029292
0.176043	-0.133116	73.328173	0.022867
0.270076	-0.228982	78.190173	0.011638
0.258176	-0.282750	96.990399	0.003917
0.290722	-0.267878	125.557791	-0.004045
0.314960	-0.209388	124.112048	-0.013588
0.270562	-0.151571	134.361631	-0.026478
0.256142	-0.115139	150.470018	-0.032099
0.238135	-0.101934	148.267292	-0.050579
0.182904	-0.115553	145.360200	-0.058872
0.135131	-0.139101	152.268598	-0.069757
0.100788	-0.169894	144.546742	-0.075139
0.042061	-0.196275	134.573575	-0.079577
-0.013353	-0.197159	144.130965	-0.083087
-0.028425	-0.161909	132.058082	-0.088052
-0.080401	-0.109526	128.002132	-0.089022
-0.093743	-0.043939	128.336102	-0.092740
-0.090502	0.024808	125.312067	-0.095258
-0.089506	0.091405	119.014663	-0.095219
-0.088054	0.158961	126.899981	-0.095196
-0.061744	0.237759	119.834841	-0.094438
-0.049525	0.329174	116.516513	-0.080246
-0.049518	0.479144	114.492324	0.042386
-0.037562	0.594447	108.334764	0.100284
-0.049590	0.484804	89.436456	0.108094
-0.081550	0.255359	76.062087	0.118421
-0.139541	0.087259	30.784144	0.114081
-0.264166	-0.029822	44.444041	0.114133
-0.240224	-0.154141	37.522210	0.105650
-0.280691	-0.219734	5.681394	0.100710
-0.341880	-0.163734	16.892261	0.089876
-0.254790	-0.021819	6.905968	0.085158
-0.238170	0.086652	5.780223	0.070259
-0.157899	0.119516	14.538272	0.057175
-0.045877	0.097745	41.467529	0.044372
0.081208	0.037846	27.669647	0.034570
0.121212	-0.055643	49.050406	0.024503
0.211093	-0.163833	77.267029	0.019881
0.275547	-0.251830	81.944013	0.007790
0.256522	-0.286396	105.695787	0.002370
0.302340	-0.254050	127.915083	-0.009891
0.307890	-0.189835	122.227401	-0.018785
0.262618	-0.138048	138.864659	-0.030605
0.258524	-0.107922	149.820656	-0.039580
0.229411	-0.104676	147.607772	-0.054892
0.175066	-0.126422	143.164275	-0.064257
0.130290	-0.152124	149.833259	-0.074852
0.099024	-0.181204	138.483346	-0.077880
0.030038	-0.199652	138.197111	-0.084360
-0.008100	-0.186611	143.371078	-0.085501
-0.028535	-0.144694	130.941088	-0.092236
-0.075962	-0.089897	129.659884	-0.091871
-0.080193	-0.023298	129.551430	-0.097507
-0.076910	0.044501	123.612892	-0.094130
-0.074315	0.109183	121.686982	-0.100551
-0.071445	0.176009	127.410916	-0.091071
-0.044973	0.256956	118.934216	-0.103379
-0.039035	0.370569	116.396180	-0.046485
-0.039382	0.541833	114.630490	0.073167
-0.028299	0.588377	103.667177	0.097189
-0.052183	0.409306	84.842326	0.109236
-0.087798	0.191540	60.513831	0.112253
-0.184726	0.053348	27.831379	0.112772
-0.266479	-0.069203	54.469598	0.105689
-0.227619	-0.191058	21.282772	0.100463
-0.325569	-0.219186	13.901139	0.092160
-0.306921	-0.121958	13.079005	0.083910
-0.245211	0.021363	4.825906	0.075029
-0.219110	0.102436	4.031915	0.064537
-0.113217	0.116521	24.378946	0.048477
0.005698	0.078105	37.686925	0.038136
0.109919	-0.001675	29.520695	0.029109
0.152429	-0.100594	61.755874	0.021904
0.262461	-0.193934	76.302140	0.015586
0.275415	-0.259078	89.817663	0.007342
0.291677	-0.269294	120.400937	-0.000263
0.330891	-0.223004	127.114974	-0.011827
0.299270	-0.162773	127.815461	-0.019766
0.276305	-0.123108	145.437862	-0.034598
0.255398	-0.107696	151.095119	-0.044056
0.213820	-0.119061	146.893723	-0.058037
0.159569	-0.139678	147.774920	-0.067641
0.114781	-0.162336	150.231318	-0.077183
0.070828	-0.188483	134.317889	-0.078631
0.002836	-0.199100	142.381145	-0.084428
-0.015343	-0.177003	134.549241	-0.088256
-0.057062	-0.129277	128.496896	-0.091781
-0.078294	-0.068863	127.413402	-0.093148
-0.082021	-0.002854	126.838211	-0.096557
-0.076642	0.063957	120.078290	-0.093474
-0.070570	0.130727	123.124817	-0.099284
-0.058369	0.205477	122.871885	-0.089409
-0.029330	0.292461	117.644190	-0.099724
-0.029367	0.426055	115.926671	-0.005597
-0.021087	0.582286	112.476581	0.090918
-0.022306	0.548242	96.066908	0.098462
-0.056601	0.331156	81.769617	0.114286
-0.097794	0.134332	43.597717	0.111494
-0.226433	0.010621	35.522406	0.113797
-0.248901	-0.117230	50.420939	0.105400
-0.243603	-0.214877	10.261467	0.102665
-0.346671	-0.199397	19.782186	0.091660
-0.273632	-0.072294	8.395665	0.087045
-0.245689	0.058422	4.974212	0.076894
-0.188377	0.115765	4.883106	0.062752
-0.081517	0.111648	34.719308	0.048710
0.050414	0.063435	29.991771	0.038200
0.116878	-0.018543	36.408369	0.028744
0.181344	-0.125347	69.873038	0.019567
0.282177	-0.224759	77.209120	0.010246
0.265669	-0.282398	90.544658	0.003751
0.299648	-0.272208	123.035317	-0.007469
0.324666	-0.214448	123.263628	-0.017721
0.279922	-0.155908	131.246821	-0.025336
0.265588	-0.117977	146.852804	-0.039095
0.246440	-0.103432	146.194063	-0.049578
0.195618	-0.117817	140.656936	-0.061387
0.145788	-0.139332	151.018188	-0.072263
0.115129	-0.167989	144.268771	-0.079616
0.058572	-0.195480	133.684015	-0.082412
0.003167	-0.196885	143.535827	-0.088528
-0.009017	-0.161248	131.305210	-0.092568
-0.058916	-0.108903	127.684428	-0.092809
-0.070756	-0.047954	127.961123	-0.097690
-0.073119	0.015669	125.007388	-0.098976
-0.068674	0.078595	118.254018	-0.098682
-0.072336	0.142709	125.640371	-0.101651
-0.051312	0.217148	121.112482	-0.097865
-0.035364	0.305600	114.037268	-0.095109
-0.037351	0.453322	114.189380	0.020794
-0.024750	0.588396	108.237356	0.092168
-0.038726	0.508887	87.167593	0.100272
-0.069840	0.286089	75.062718	0.110880
-0.124408	0.110447	35.225620	0.110328
-0.249641	-0.009251	40.808642	0.108133
-0.240355	-0.138448	43.518137	0.099927
-0.267380	-0.218653	9.281000	0.098216
-0.343520	-0.177948	20.393143	0.086703
-0.261448	-0.042731	7.251570	0.082219
-0.242632	0.073268	3.796358	0.068912
-0.169864	0.115191	9.634240	0.057622
-0.063231	0.101346	39.013032	0.042412
0.067627	0.050935	27.276927	0.034783
0.115136	-0.038372	43.977075	0.025226
0.198387	-0.151023	74.321185	0.015598
0.276583	-0.243582	77.526757	0.010413
0.255583	-0.282235	99.889584	0.001372
0.296972	-0.256776	128.507967	-0.009178
0.312174	-0.195967	121.991106	-0.016366
0.265672	-0.143676	134.805174	-0.028848
0.253155	-0.109276	147.083864	-0.040862
0.231056	-0.100429	143.200943	-0.051531
0.171633	-0.119941	142.853393	-0.065459
0.126780	-0.144975	153.226997	-0.073276
0.097107	-0.174575	140.212682	-0.075640
0.029578	-0.196060	134.155411	-0.082568
-0.013903	-0.187093	142.651744	-0.085157
-0.030232	-0.150637	129.532313	-0.090013
-0.080233	-0.099567	127.991750	-0.092034
-0.087400	-0.037184	127.452779	-0.097293
-0.087985	0.028077	123.240827	-0.096321
-0.085756	0.089838	118.597471	-0.102028
-0.089822	0.152222	123.984719	-0.096878
-0.060031	0.227977	117.268981	-0.098551
-0.053426	0.327971	115.392233	-0.077652
-0.051184	0.496666	115.493191	0.050237
-0.036373	0.602524	105.050527	0.095648
-0.056019	0.472102	89.448833	0.104102
-0.082022	0.244174	70.641400	0.110942
-0.157370	0.085714	29.793650	0.112249
-0.270566	-0.035867	49.507543	0.107883
-0.236482	-0.167603	33.580661	0.102858
-0.301356	-0.227658	8.935926	0.096429
-0.341975	-0.159617	18.420579	0.085567
-0.261453	-0.014710	4.981565	0.077393
-0.248269	0.089857	5.486186	0.067530
-0.159685	0.119834	14.080292	0.054642
-0.045144	0.095605	36.997161	0.041287
0.076356	0.032185	25.569441	0.034072
0.114264	-0.063383	54.026059	0.022924
0.215773	-0.169055	76.600647	0.016569
0.266173	-0.251791	82.260957	0.006566
0.257077	-0.279091	109.644009	-0.001895
0.305528	-0.243416	129.965581	-0.011021
0.301131	-0.180106	122.069316	-0.020337
0.258878	-0.132191	141.013259	-0.033711
0.253085	-0.104622	148.284654	-0.044266
0.216714	-0.105917	145.437621	-0.057127
0.161212	-0.127159	143.987262	-0.066627
0.117633	-0.152031	151.474195	-0.075799
0.079099	-0.180450	134.213132	-0.077824
0.007298	-0.197918	138.363879	-0.086511
-0.023814	-0.182128	139.321441	-0.086072
-0.053363	-0.138167	127.549745	-0.092330
-0.093295	-0.082642	126.661944	-0.092455
-0.094402	-0.018528	127.143542	-0.098707
-0.091730	0.046278	119.264661	-0.093796
-0.091372	0.110270	121.347514	-0.101483
-0.082715	0.179915	123.896788	-0.092104
-0.053504	0.263915	117.887881	-0.102726
-0.049094	0.388930	116.080385	-0.033347
-0.043137	0.563508	114.439113	0.082955
-0.036481	0.582225	100.697637	0.096837
-0.063902	0.385734	85.073651	0.111297
-0.098699	0.174064	51.667980	0.111703
-0.211476	0.040719	30.530006	0.110896
-0.270017	-0.087634	54.382275	0.102813
-0.243432	-0.203770	16.056497	0.100934
-0.353607	-0.216036	14.719618	0.091440
-0.311577	-0.105231	11.369829	0.083228
-0.264980	0.036423	4.702734	0.074661
-0.229511	0.110147	3.895664	0.063047
-0.120878	0.119766	28.608571	0.051193
0.004974	0.081920	33.766486	0.040505
0.091928	0.006300	29.986537	0.029373
0.144733	-0.100446	66.099108	0.019302
0.256537	-0.205254	75.544717	0.013959
0.255891	-0.272207	87.710550	0.005722
0.275948	-0.274787	120.708913	-0.003403
0.315560	-0.223535	124.170367	-0.011914
0.275912	-0.163390	126.111597	-0.024356
0.252757	-0.121134	146.185479	-0.034616
0.240746	-0.100656	148.257665	-0.046957
0.188446	-0.111023	143.987014	-0.060082
0.138419	-0.134010	148.316031	-0.071816
0.099656	-0.161129	147.292844	-0.076470
0.048560	-0.188421	131.736951	-0.080950
-0.016450	-0.195956	144.603976	-0.087563
-0.027131	-0.170183	133.392606	-0.089157
-0.073134	-0.123230	127.343584	-0.095145
-0.091110	-0.064899	128.219473	-0.093025
-0.089135	0.001839	125.550189	-0.097843
-0.084448	0.067120	116.647653	-0.096646
-0.081965	0.131295	124.477233	-0.102372
-0.063836	0.204384	122.090882	-0.093017
-0.041172	0.292128	118.300907	-0.099508
-0.041764	0.434042	112.747757	0.002393
-0.030770	0.590292	111.301650	0.092469
-0.035235	0.543779	94.975077	0.098471
-0.067654	0.322969	82.600090	0.113751
-0.111171	0.131855	40.867603	0.110464
-0.240084	0.009248	37.751951	0.111324
-0.253159	-0.119937	49.183447	0.104940
-0.254492	-0.215465	11.144951	0.101178
-0.352562	-0.194431	18.394732	0.089417
-0.276998	-0.065121	9.173623	0.085318
-0.250830	0.064293	4.866592	0.074032
-0.191484	0.117739	7.558486	0.060600
-0.082829	0.111587	36.603649	0.049413
0.048121	0.063619	30.765322	0.038444
0.109382	-0.018412	38.150887	0.026821
0.177165	-0.127261	73.730216	0.020507
0.273878	-0.225806	77.733105	0.010834
0.255515	-0.280696	96.040032	0.003843
0.291116	-0.267079	126.129193	-0.005838
0.313923	-0.208913	124.538096	-0.014146
0.268767	-0.150975	131.527824	-0.027081
0.252328	-0.113394	149.202266	-0.034956
0.235450	-0.097824	147.035735	-0.049945
0.179757	-0.113586	142.838712	-0.060020
0.132862	-0.138691	153.348255	-0.071954
0.100568	-0.169245	142.540710	-0.076490
0.038983	-0.195187	133.023464	-0.082215
-0.009937	-0.195076	143.088103	-0.085087
-0.022915	-0.160093	129.221662	-0.089058
-0.072452	-0.109697	126.534134	-0.092336
-0.080899	-0.046076	127.288444	-0.094798
