MBK	ACC	OVV	EGG
0.221107	-0.108236	185.205492	-0.081084
0.221497	-0.083222	189.511405	-0.084460
0.195742	-0.050098	191.222346	-0.083363
0.116469	-0.009007	172.775624	-0.086996
0.033366	0.037945	165.143147	-0.083769
-0.064955	0.094711	139.370395	-0.084997
-0.111238	0.168416	135.767619	-0.074096
-0.135909	0.292693	125.613092	-0.079831
-0.129602	0.452275	127.209936	0.005664
-0.120170	0.564790	110.078467	0.100495
-0.134533	0.488685	94.269924	0.108860
-0.211424	0.283214	28.717228	0.116911
-0.381558	0.104509	-45.865730	0.114142
-0.612876	-0.028601	-129.989521	0.111766
-0.726750	-0.153408	-93.428367	0.103092
-0.507391	-0.217406	3.355271	0.095841
-0.122322	-0.157785	87.929072	0.079886
0.177259	-0.020670	111.624181	0.067825
0.402298	0.081360	121.251798	0.054644
0.485365	0.098039	97.565420	0.045526
0.508276	0.052783	117.528974	0.034238
0.476721	-0.019516	131.467939	0.025025
0.380495	-0.109731	123.674250	0.014146
0.279677	-0.216783	141.636691	0.003242
0.237235	-0.301824	151.600738	-0.009077
0.135422	-0.321226	145.567164	-0.017913
0.009099	-0.282833	120.363567	-0.026384
-0.137499	-0.214165	81.401850	-0.036074
-0.234614	-0.141780	36.740516	-0.043139
-0.244982	-0.087571	56.168323	-0.053707
-0.194159	-0.052354	73.420936	-0.064707
-0.135113	-0.040156	112.183356	-0.073972
-0.035222	-0.056036	127.966474	-0.072825
0.047542	-0.087208	139.712179	-0.077447
0.130164	-0.115746	141.831021	-0.077036
0.191535	-0.124591	166.625922	-0.078844
0.224670	-0.111225	174.278714	-0.078982
0.242086	-0.086242	196.095988	-0.082504
0.231279	-0.055643	193.619253	-0.081063
0.172489	-0.015600	188.691582	-0.083918
0.082460	0.029982	169.300828	-0.081369
-0.016079	0.083154	154.731440	-0.082243
-0.098203	0.154536	134.791655	-0.073195
-0.139430	0.275823	128.292302	-0.077873
-0.162520	0.440324	116.312335	0.001872
-0.154654	0.567509	110.114405	0.097554
-0.156281	0.506728	88.820138	0.111042
-0.206331	0.307716	37.109381	0.119438
-0.367266	0.126745	-48.823555	0.114644
-0.594824	-0.009346	-128.714205	0.115130
-0.737779	-0.141953	-109.107195	0.107295
-0.533917	-0.218246	-2.934412	0.099306
-0.156723	-0.169592	78.370696	0.085477
0.159508	-0.032760	117.191206	0.073888
0.407946	0.076950	125.111108	0.058776
0.513491	0.102104	108.452655	0.049523
0.534738	0.062385	117.134690	0.037248
0.502948	-0.006428	135.675435	0.028515
0.377747	-0.096797	117.177285	0.015988
0.266126	-0.207579	138.919419	0.007468
0.214888	-0.300426	146.786378	-0.004975
0.115276	-0.326472	146.254461	-0.014938
-0.002409	-0.290699	119.801631	-0.021621
-0.138163	-0.220350	85.442806	-0.032450
-0.241205	-0.146253	35.802584	-0.040113
-0.245535	-0.089093	54.295038	-0.052987
-0.199870	-0.052305	69.651556	-0.063288
-0.135835	-0.037589	109.272917	-0.069887
-0.035221	-0.051210	127.720858	-0.074073
0.046050	-0.082838	142.081883	-0.076508
0.121172	-0.114208	144.308052	-0.076230
0.184376	-0.124443	168.232655	-0.079514
0.208380	-0.110708	172.223485	-0.081120
0.232681	-0.087438	193.615259	-0.081423
0.224199	-0.055980	194.370410	-0.080749
0.169035	-0.016452	188.030224	-0.084255
0.083673	0.027287	169.749526	-0.081565
-0.015671	0.081627	155.929276	-0.082981
-0.103623	0.156160	134.274065	-0.077153
-0.139863	0.281113	130.266559	-0.078150
-0.159423	0.442274	118.044625	-0.008752
-0.147482	0.574456	111.794791	0.091537
-0.150055	0.527372	89.988717	0.109627
-0.207483	0.330351	38.041834	0.118044
-0.372662	0.140147	-44.735262	0.114442
-0.595701	-0.000559	-121.442692	0.115067
-0.755256	-0.133983	-116.007944	0.106953
-0.575473	-0.214812	-9.941267	0.100445
-0.195152	-0.172043	72.578181	0.086302
0.127222	-0.035207	114.197578	0.074225
0.389387	0.081040	123.817846	0.058530
0.514911	0.112652	111.774425	0.049290
0.542794	0.074598	111.356080	0.036017
0.514310	0.002773	137.091464	0.027816
0.388501	-0.087521	114.182010	0.015373
0.258282	-0.196878	138.154767	0.005284
0.204861	-0.294373	145.795636	-0.005237
0.111154	-0.326055	151.105930	-0.014023
0.002019	-0.292080	118.059423	-0.024116
-0.135245	-0.221005	89.886760	-0.032051
-0.252267	-0.146025	33.031492	-0.040142
-0.263939	-0.084779	53.832436	-0.050836
-0.216376	-0.044996	64.052201	-0.062810
-0.144858	-0.029116	107.480678	-0.072784
-0.036034	-0.044246	122.192233	-0.076299
0.046511	-0.075426	140.543494	-0.077844
0.113889	-0.107534	135.251935	-0.078677
0.179177	-0.121790	168.174695	-0.081580
0.203913	-0.113676	168.336401	-0.083476
0.231298	-0.091284	193.287132	-0.082377
0.222310	-0.063039	188.693605	-0.085109
0.170006	-0.023859	191.208601	-0.086434
0.087272	0.020022	168.800766	-0.084300
-0.006748	0.073610	162.300930	-0.084435
-0.097284	0.138708	136.161526	-0.076897
-0.132036	0.248115	135.826868	-0.078009
-0.163597	0.399707	119.229684	-0.041611
-0.153682	0.553514	121.847849	0.075169
-0.148761	0.564327	98.728673	0.107580
-0.184215	0.390894	62.256588	0.117398
-0.321793	0.188271	-22.244811	0.117079
-0.532370	0.040547	-100.464934	0.114723
-0.743458	-0.093705	-135.374648	0.109068
-0.665478	-0.199562	-37.180088	0.103545
-0.310576	-0.193464	45.928695	0.090595
0.028614	-0.072757	106.376309	0.077655
0.313750	0.059167	114.672295	0.063616
0.483479	0.115003	119.020464	0.054240
0.530384	0.094732	98.196430	0.041158
0.534093	0.030680	139.773604	0.033500
0.434735	-0.052875	114.751885	0.018437
0.297714	-0.159693	135.717646	0.009389
0.230255	-0.267140	139.118170	-0.000189
0.153500	-0.320404	158.005881	-0.009835
0.042061	-0.303671	123.961105	-0.020580
-0.084446	-0.242403	107.939299	-0.028368
-0.228317	-0.168404	38.834477	-0.038177
-0.269340	-0.103213	47.024667	-0.048166
-0.242951	-0.057103	54.646864	-0.060143
-0.182869	-0.031914	94.795176	-0.069423
-0.087566	-0.036378	115.252013	-0.076443
0.017990	-0.063321	141.542449	-0.076063
0.087092	-0.094323	134.575643	-0.078878
0.169441	-0.111295	163.022795	-0.079196
0.196393	-0.107941	166.400448	-0.080754
0.229433	-0.090158	189.012935	-0.083159
0.233665	-0.066313	190.501564	-0.087703
0.192930	-0.031504	193.540692	-0.085781
0.107663	0.011535	171.496195	-0.086774
0.015586	0.061750	166.376532	-0.084699
-0.088515	0.119117	140.142863	-0.082652
-0.129330	0.213945	136.568242	-0.079176
-0.164645	0.358939	117.714778	-0.066016
-0.163187	0.525736	118.966632	0.046441
-0.154440	0.589980	100.564483	0.103809
-0.165742	0.452902	77.410136	0.110668
-0.265670	0.241677	0.782567	0.114911
-0.452162	0.079515	-76.095579	0.112443
-0.687114	-0.054196	-141.524659	0.108979
-0.712756	-0.176236	-66.728855	0.102393
-0.402928	-0.205919	25.338223	0.089799
-0.045611	-0.107925	97.632179	0.076846
0.244364	0.033293	111.607383	0.061299
0.447914	0.108005	122.024908	0.050438
0.506473	0.102134	94.818654	0.039349
0.526887	0.046941	132.969194	0.031976
0.459295	-0.028797	119.004763	0.018580
0.323722	-0.128616	127.746772	0.010047
0.245344	-0.239254	139.589720	-0.000620
0.189987	-0.307892	157.928731	-0.011016
0.079201	-0.307107	135.896005	-0.019974
-0.032621	-0.255127	117.791770	-0.027541
-0.185072	-0.181041	57.996527	-0.038426
-0.256975	-0.113949	40.820284	-0.047143
-0.247649	-0.063178	53.251141	-0.058510
-0.198615	-0.032223	82.346291	-0.069831
-0.121718	-0.027361	111.748342	-0.076473
-0.011225	-0.051695	133.571010	-0.074676
0.060202	-0.083618	134.553522	-0.078760
0.144340	-0.106769	148.375696	-0.079480
0.184964	-0.108230	163.906430	-0.084022
0.223074	-0.094230	179.549096	-0.082544
0.247371	-0.071656	192.845722	-0.086644
0.230753	-0.039221	194.105793	-0.082766
0.158604	0.003183	182.046634	-0.086688
0.071948	0.047261	169.242676	-0.083422
-0.037288	0.098778	149.873509	-0.083846
-0.096167	0.178056	137.929011	-0.077952
-0.135165	0.314745	126.377620	-0.079929
-0.151377	0.476978	120.470050	0.004252
-0.143935	0.589381	111.206463	0.095590
-0.153486	0.515466	90.436910	0.109619
-0.234271	0.313105	25.248391	0.116731
-0.402243	0.129134	-53.011243	0.112446
-0.625328	-0.010296	-130.259958	0.113294
-0.745194	-0.141861	-104.363858	0.105995
-0.530398	-0.207743	-4.521051	0.097223
-0.159983	-0.148567	75.393021	0.083336
0.150503	-0.008469	107.492705	0.068384
0.402653	0.094108	121.777295	0.057556
0.507675	0.113302	101.668280	0.046076
0.541101	0.071416	116.929919	0.035875
0.508429	0.001150	131.293933	0.025141
0.389014	-0.091893	121.509538	0.014949
0.285058	-0.204415	142.540966	0.004820
0.239402	-0.295343	154.755577	-0.007775
0.138902	-0.317005	148.856726	-0.015992
0.026020	-0.279365	121.352629	-0.025568
-0.123264	-0.207526	82.941085	-0.033817
-0.233039	-0.136466	36.351097	-0.042869
-0.247980	-0.078903	51.829832	-0.055657
-0.212186	-0.041758	65.605182	-0.066620
-0.153738	-0.027213	104.888940	-0.073056
-0.044196	-0.046272	123.668130	-0.074125
0.041850	-0.077826	138.960997	-0.076715
0.126978	-0.104075	140.008909	-0.076285
0.192871	-0.106896	166.084299	-0.080472
0.227444	-0.093508	173.652928	-0.079371
0.259897	-0.072152	195.218872	-0.081948
0.256183	-0.044741	195.806696	-0.082812
0.191961	-0.005376	191.127771	-0.084315
0.100410	0.038022	170.088319	-0.081378
-0.009429	0.090956	157.629062	-0.084353
-0.096246	0.165015	136.118125	-0.076778
-0.137216	0.294117	125.648708	-0.077699
-0.165246	0.458872	114.783317	0.000441
-0.164269	0.588946	109.831970	0.097304
-0.168662	0.532160	86.811806	0.109793
-0.227378	0.329312	32.836145	0.120281
-0.384283	0.139493	-47.501793	0.116593
-0.598534	-0.000457	-125.673490	0.117862
-0.755391	-0.136966	-117.814190	0.108845
-0.560907	-0.216317	-9.245379	0.098342
-0.180972	-0.169198	67.220795	0.087273
0.133063	-0.027509	106.627328	0.071656
0.401957	0.086817	123.532173	0.060896
0.528000	0.113867	109.091270	0.051654
0.557668	0.072840	114.528492	0.037845
0.535304	0.003370	136.721044	0.029853
0.397625	-0.087609	115.907721	0.017171
0.265412	-0.201970	136.454550	0.007496
0.219557	-0.300426	146.867875	-0.003486
0.123130	-0.329280	150.313097	-0.013806
0.016733	-0.294164	121.807317	-0.023916
-0.115926	-0.222321	91.216149	-0.033369
-0.238257	-0.148086	31.165618	-0.042446
-0.256098	-0.089235	51.028846	-0.053808
-0.218368	-0.052213	61.550494	-0.064519
-0.163347	-0.035876	100.767920	-0.071957
-0.051215	-0.050506	119.537393	-0.074763
0.036320	-0.078148	141.428556	-0.076086
0.114530	-0.107844	138.463899	-0.077339
0.188292	-0.118589	169.364403	-0.080825
0.213220	-0.107722	169.329183	-0.080212
0.237201	-0.083478	192.331750	-0.083102
0.234897	-0.058725	190.664789	-0.083828
0.181063	-0.021859	192.098817	-0.083227
0.099476	0.020080	169.187643	-0.082165
-0.003123	0.073111	161.334115	-0.084713
-0.098495	0.144282	134.876548	-0.075432
-0.135936	0.265096	130.815125	-0.079068
-0.166486	0.417168	114.457285	-0.027072
-0.159129	0.558837	113.407003	0.086520
-0.158164	0.541976	88.861120	0.108267
-0.206449	0.357534	45.863767	0.119672
-0.352463	0.155966	-32.835089	0.117391
-0.553658	0.009282	-106.760971	0.117118
-0.739027	-0.124624	-126.419825	0.108860
-0.619089	-0.216337	-28.613074	0.102754
-0.256084	-0.192941	51.183296	0.088691
0.068855	-0.063666	100.819098	0.075618
0.341258	0.058738	114.831579	0.062782
0.496918	0.103316	116.303949	0.053788
0.536109	0.074111	103.139969	0.042399
0.529868	0.006413	136.450634	0.035705
0.417209	-0.083682	111.698387	0.021109
0.278431	-0.192953	136.066322	0.011987
0.218292	-0.297072	142.486561	0.000947
0.138493	-0.339669	156.059962	-0.009307
0.036947	-0.317419	122.055785	-0.018707
-0.082108	-0.250574	102.953869	-0.026227
-0.217522	-0.174925	36.111643	-0.036731
-0.258735	-0.111189	48.876436	-0.045752
-0.233854	-0.068777	54.566659	-0.059236
-0.177562	-0.047303	95.824680	-0.068417
-0.073116	-0.055690	114.253113	-0.072376
0.029235	-0.083545	138.716029	-0.073113
0.099959	-0.116716	132.430187	-0.074346
0.175489	-0.134294	162.536806	-0.076010
0.200295	-0.128551	163.947319	-0.078264
0.228159	-0.106144	188.425024	-0.079589
0.230681	-0.081026	186.634017	-0.082456
0.196745	-0.047297	192.594613	-0.080556
0.124597	-0.007460	175.771473	-0.082409
0.033275	0.045015	167.771430	-0.080322
-0.074550	0.103773	139.520968	-0.075654
-0.119417	0.206333	135.920660	-0.073780
-0.155668	0.356263	119.270071	-0.051370
-0.150840	0.517341	117.390732	0.066403
-0.150051	0.558211	99.367554	0.108618
-0.174848	0.405314	67.328831	0.119017
-0.293690	0.194019	-11.967985	0.119857
-0.489221	0.032307	-85.593115	0.117021
-0.712395	-0.106416	-139.558235	0.114294
-0.701754	-0.218837	-61.703387	0.105658
-0.382558	-0.228517	26.325543	0.094884
-0.032283	-0.119235	96.163686	0.078624
0.261591	0.018229	113.583105	0.066936
0.467018	0.087959	122.946982	0.055861
0.532422	0.077262	96.491224	0.046636
0.548120	0.018084	133.748158	0.036570
0.470914	-0.065676	117.691656	0.021715
0.330098	-0.170282	132.567133	0.014393
0.253439	-0.281760	139.641738	0.002094
0.191189	-0.345868	162.158324	-0.007351
0.082919	-0.340818	135.127526	-0.016406
-0.031614	-0.281277	118.670939	-0.025417
-0.181613	-0.203192	52.276952	-0.034570
-0.258391	-0.135825	43.084525	-0.045150
-0.255333	-0.090283	49.176163	-0.057522
-0.212662	-0.062484	83.692332	-0.068395
-0.133727	-0.062961	106.390397	-0.071987
-0.018359	-0.087555	129.718581	-0.073812
0.060419	-0.120926	132.893556	-0.075126
0.153095	-0.138712	156.287336	-0.075679
0.196725	-0.132237	166.083283	-0.078784
0.233924	-0.109282	184.570624	-0.081401
0.252711	-0.087327	194.660353	-0.081138
0.233558	-0.056828	199.005944	-0.082023
0.158465	-0.018726	182.538752	-0.083737
0.062676	0.029110	168.840680	-0.081145
-0.056668	0.084814	144.732519	-0.080350
-0.116416	0.187088	135.076442	-0.077709
-0.161924	0.339303	120.860298	-0.050737
-0.172532	0.508025	115.552678	0.062520
-0.169122	0.557101	95.804408	0.106689
-0.183803	0.408108	64.891548	0.118177
-0.296448	0.200506	-7.958014	0.118686
-0.488897	0.040297	-86.586135	0.116624
-0.716063	-0.099511	-140.662136	0.111767
-0.717992	-0.218860	-64.449147	0.104759
-0.394095	-0.235849	24.149147	0.094621
-0.046930	-0.129274	92.322376	0.080251
0.253193	0.010056	111.523396	0.066035
0.468396	0.082535	121.780221	0.055950
0.543888	0.076444	98.226521	0.045193
0.560576	0.020047	134.277704	0.036990
0.481948	-0.060501	116.812596	0.024687
0.329031	-0.165107	129.383026	0.015772
0.245978	-0.280097	141.025384	0.000986
0.179739	-0.347639	159.039329	-0.005738
0.073988	-0.344997	132.735763	-0.016965
-0.032161	-0.288659	117.168238	-0.025558
-0.175376	-0.210859	53.505775	-0.035117
-0.250405	-0.138964	41.729676	-0.043675
-0.248183	-0.089548	49.743913	-0.055732
-0.207545	-0.059961	81.519122	-0.064522
-0.123960	-0.056822	106.850154	-0.070452
-0.010222	-0.077614	132.294099	-0.072792
0.061800	-0.110823	134.558703	-0.072662
0.152932	-0.134364	152.461188	-0.074534
0.191298	-0.133122	163.405444	-0.079540
0.222839	-0.114183	180.067630	-0.078454
0.239101	-0.092514	187.729185	-0.081952
0.219954	-0.061033	190.717015	-0.080064
0.154230	-0.022032	179.855760	-0.084375
0.073058	0.024918	171.263000	-0.079140
-0.044668	0.080593	147.801768	-0.080736
-0.106733	0.173980	137.079746	-0.074103
-0.154054	0.319392	122.150649	-0.068244
-0.166142	0.485332	118.046996	0.036306
-0.159298	0.569769	104.050865	0.105945
-0.173757	0.456679	79.591776	0.114709
-0.269424	0.245506	9.844552	0.121763
-0.449159	0.070924	-64.204535	0.116840
-0.678234	-0.068057	-135.856764	0.117712
-0.751879	-0.193892	-85.674773	0.106682
-0.480998	-0.234957	6.192238	0.098128
-0.120806	-0.147746	80.370194	0.083394
0.191293	-0.003049	105.461433	0.070430
0.436839	0.087290	125.525985	0.058991
0.533020	0.095142	100.201621	0.048023
0.564948	0.045427	128.336048	0.038723
0.513679	-0.030901	123.271123	0.029796
0.369815	-0.129134	125.495982	0.017326
0.268277	-0.243457	141.745888	0.005419
0.212089	-0.324399	159.056582	-0.003289
0.108579	-0.335881	143.745434	-0.014768
0.011467	-0.289091	124.584706	-0.023597
-0.140585	-0.212169	70.182590	-0.031911
-0.242772	-0.139499	35.673392	-0.040984
-0.260622	-0.083165	47.951148	-0.053258
-0.227002	-0.047242	67.923664	-0.065234
-0.157873	-0.039702	102.801919	-0.070815
-0.038837	-0.060633	122.589192	-0.073395
0.040147	-0.090762	130.524814	-0.075746
0.128668	-0.115140	142.386835	-0.078208
0.178960	-0.118753	164.723929	-0.079681
0.214830	-0.103849	174.213023	-0.078806
0.243796	-0.080159	192.258405	-0.084336
