MBK	ACC	OVV	EGG
-0.167413	-0.032535	135.065324	-0.002304
-0.138714	-0.017198	150.309881	-0.002705
-0.087254	-0.010158	151.907654	-0.002786
-0.025009	-0.011639	181.302724	-0.002678
0.041284	-0.018972	202.088022	-0.002897
0.120792	-0.030258	240.210045	-0.002907
0.183794	-0.040108	267.947470	-0.002782
0.226126	-0.047869	312.291747	-0.002640
0.247749	-0.051410	312.482253	-0.002686
0.233147	-0.050088	325.864581	-0.002752
0.178916	-0.045925	306.115468	-0.002712
0.105488	-0.040261	296.025359	-0.002780
0.024024	-0.030882	276.384271	-0.002786
-0.045046	-0.016011	278.189308	-0.002627
-0.089043	0.005012	271.136424	-0.002731
-0.100851	0.029899	289.065993	-0.002605
-0.084372	0.054679	294.842271	-0.002712
-0.057608	0.078349	286.680355	-0.002268
-0.050778	0.101937	258.470060	-0.000083
-0.072446	0.105982	209.109562	0.001390
-0.126343	0.081755	142.085906	0.001642
-0.206225	0.044544	75.573282	0.001630
-0.299047	0.008719	-12.009941	0.001550
-0.400533	-0.020284	-80.681839	0.001669
-0.444126	-0.037122	-54.089446	0.001547
-0.335536	-0.038265	-7.707511	0.001567
-0.142002	-0.021830	67.967257	0.001594
0.047678	0.002293	129.665762	0.001509
0.229487	0.021229	172.812584	0.001614
0.370126	0.029287	207.577139	0.001619
0.422369	0.022761	227.637386	0.001279
0.396136	0.005351	200.689558	0.000709
0.291560	-0.018174	158.111959	0.000199
0.150851	-0.042329	149.841482	-0.000394
0.037102	-0.063354	138.532757	-0.000740
-0.053975	-0.071559	154.778622	-0.001228
-0.133945	-0.066713	151.170962	-0.001798
-0.167533	-0.052388	146.223694	-0.002071
-0.168695	-0.033356	136.471226	-0.002505
-0.144861	-0.017583	157.459805	-0.002824
-0.096349	-0.009018	152.272176	-0.002670
-0.041044	-0.008418	178.576570	-0.002864
0.018867	-0.013814	198.303360	-0.002843
0.100225	-0.024858	235.313450	-0.002665
0.170930	-0.035091	267.841456	-0.002650
0.220006	-0.043272	309.727120	-0.002729
0.248571	-0.047316	316.072141	-0.002548
0.239873	-0.046679	328.349401	-0.002736
0.193457	-0.043577	317.108350	-0.002805
0.125468	-0.038215	300.341526	-0.002754
0.041630	-0.029303	284.900776	-0.002815
-0.033716	-0.015198	279.540582	-0.002787
-0.081177	0.005188	276.643646	-0.002754
-0.100065	0.030730	291.015186	-0.002703
-0.091419	0.056276	299.527244	-0.002771
-0.069131	0.080126	290.541429	-0.002462
-0.061453	0.103641	266.624744	-0.000491
-0.078925	0.110851	215.890349	0.001398
-0.129115	0.089519	149.375749	0.001518
-0.206833	0.052968	84.500782	0.001534
-0.294268	0.015648	-0.933834	0.001489
-0.392781	-0.014369	-76.229974	0.001543
-0.448955	-0.032494	-60.098511	0.001702
-0.358016	-0.034287	-11.613468	0.001539
-0.168504	-0.019532	59.742690	0.001654
0.022272	0.004014	126.143579	0.001745
0.203887	0.023604	170.875843	0.001657
0.351353	0.033517	203.699723	0.001643
0.411317	0.028384	225.380001	0.001167
0.391732	0.011386	203.341206	0.000614
0.298059	-0.012387	161.907530	0.000017
0.163339	-0.036321	152.192030	-0.000510
0.048758	-0.057114	141.785575	-0.000944
-0.040741	-0.066745	153.150110	-0.001323
-0.122495	-0.063418	155.058966	-0.001913
-0.162188	-0.050313	148.938303	-0.002160
-0.166001	-0.031181	136.278537	-0.002653
-0.147480	-0.013997	155.278279	-0.002588
-0.104178	-0.004774	153.030866	-0.002783
-0.048770	-0.003606	176.639382	-0.002785
0.010839	-0.009246	196.563029	-0.002777
0.087143	-0.019540	233.015683	-0.002835
0.159093	-0.029724	263.621433	-0.002657
0.210549	-0.038179	307.974721	-0.002778
0.242934	-0.041782	317.335843	-0.002750
0.243382	-0.041941	329.126993	-0.002788
0.201670	-0.038570	317.922638	-0.002794
0.137239	-0.035033	302.154599	-0.002862
0.058064	-0.026809	285.958936	-0.002702
-0.017559	-0.013531	280.938281	-0.002662
-0.071426	0.005456	276.166510	-0.002754
-0.093584	0.031029	290.543039	-0.002803
-0.086196	0.057984	301.639908	-0.002731
-0.063420	0.081984	296.758742	-0.002720
-0.054458	0.105964	272.864051	-0.001139
-0.071197	0.115658	225.458168	0.000960
-0.121301	0.097924	159.091431	0.001649
-0.198873	0.061313	90.808927	0.001660
-0.287433	0.024581	11.559589	0.001542
-0.381709	-0.006549	-67.222664	0.001561
-0.443140	-0.025627	-65.359992	0.001642
-0.368966	-0.029902	-14.063699	0.001628
-0.188707	-0.017293	48.245210	0.001674
0.000140	0.004994	123.069751	0.001584
0.180982	0.026309	160.802090	0.001656
0.333694	0.037162	200.377634	0.001529
0.402686	0.033374	219.537573	0.001171
0.395957	0.017452	214.310207	0.000464
0.316332	-0.005361	164.254450	-0.000182
0.185589	-0.029753	157.545415	-0.000577
0.069976	-0.051415	141.824799	-0.001068
-0.020333	-0.062002	155.375650	-0.001668
-0.104657	-0.059671	157.486161	-0.002079
-0.150747	-0.047363	152.008240	-0.002350
-0.162548	-0.028635	139.147095	-0.002551
-0.150946	-0.011273	154.055133	-0.002892
-0.109293	-0.001252	157.842668	-0.002702
-0.054534	0.000828	172.517451	-0.002771
-0.000299	-0.004246	197.891822	-0.002814
0.073018	-0.013888	226.272226	-0.002770
0.147195	-0.024252	261.683970	-0.002664
0.201854	-0.033113	300.465409	-0.002732
0.238910	-0.038030	318.411867	-0.002783
0.245704	-0.037770	323.795836	-0.002697
0.210296	-0.034524	323.405719	-0.002707
0.151754	-0.030219	306.544421	-0.002603
0.075737	-0.022671	289.871853	-0.002824
-0.002027	-0.009867	285.545373	-0.002785
-0.056181	0.009171	278.900356	-0.002804
-0.080521	0.033718	290.992973	-0.002693
-0.079235	0.060237	302.799591	-0.002616
-0.060205	0.084593	298.226583	-0.002762
-0.051979	0.108768	273.899057	-0.001124
-0.069430	0.121151	233.672769	0.000717
-0.114018	0.105453	163.357043	0.001703
-0.189011	0.070966	100.711507	0.001605
-0.277169	0.033035	18.368039	0.001580
-0.370270	-0.000134	-67.814354	0.001714
-0.441074	-0.021768	-66.479646	0.001606
-0.380829	-0.027835	-22.932703	0.001682
-0.206024	-0.015484	40.621537	0.001479
-0.015885	0.006531	116.695386	0.001641
0.170363	0.028927	159.664433	0.001748
0.328340	0.040612	201.242233	0.001463
0.401164	0.037889	221.332845	0.001251
0.400488	0.023477	217.339571	0.000531
0.326230	-0.000008	164.156255	0.000026
0.194862	-0.024268	162.339461	-0.000406
0.079741	-0.046201	138.391381	-0.001034
-0.009826	-0.058266	154.114970	-0.001492
-0.097348	-0.057725	153.589345	-0.001918
-0.148087	-0.045806	156.582099	-0.002273
-0.161594	-0.027454	136.510800	-0.002541
-0.156341	-0.010106	155.456573	-0.002577
-0.118647	0.001202	150.205991	-0.002785
-0.066447	0.004255	169.586413	-0.002747
-0.013956	-0.000681	193.866388	-0.002578
0.061028	-0.009413	225.454059	-0.002626
0.135363	-0.019656	260.033870	-0.002723
0.188493	-0.028660	302.154948	-0.002749
0.227162	-0.034476	322.734582	-0.002632
0.237264	-0.035125	327.428816	-0.002770
0.202632	-0.032094	328.005909	-0.002717
0.143955	-0.028467	306.924719	-0.002733
0.069906	-0.021899	294.954953	-0.002692
-0.005338	-0.009540	283.112209	-0.002766
-0.060256	0.008460	280.124896	-0.002647
-0.088457	0.032044	288.193892	-0.002749
-0.088293	0.059127	305.108274	-0.002709
-0.068076	0.082924	300.128480	-0.002726
-0.057286	0.107895	280.084935	-0.001616
-0.071256	0.123319	241.600020	0.000606
-0.113066	0.111981	176.791358	0.001518
-0.186562	0.078229	111.678938	0.001602
-0.271896	0.039873	34.640061	0.001652
-0.364304	0.005563	-56.612292	0.001566
-0.444789	-0.017442	-71.477631	0.001593
-0.407942	-0.025776	-30.704799	0.001514
-0.240639	-0.016592	30.921555	0.001733
-0.047405	0.005275	106.954474	0.001622
0.138453	0.027774	153.840916	0.001783
0.302723	0.041604	195.964105	0.001478
0.392418	0.042004	220.788759	0.001063
0.401838	0.027831	223.385628	0.000771
0.337356	0.005660	173.740087	0.000061
0.211068	-0.020013	161.661374	-0.000363
0.089300	-0.042655	142.201663	-0.000875
-0.004258	-0.056001	154.966103	-0.001494
-0.090104	-0.057320	160.692993	-0.001856
-0.145662	-0.046472	159.028044	-0.002234
-0.163883	-0.028951	144.303629	-0.002666
-0.161289	-0.010733	153.029900	-0.002686
-0.130899	0.001048	158.077098	-0.002749
-0.081600	0.004476	166.948232	-0.002630
-0.027127	0.001843	193.959147	-0.002833
0.045081	-0.007033	218.746290	-0.002723
0.122729	-0.017347	259.665187	-0.002651
0.182753	-0.026726	296.662913	-0.002736
0.225529	-0.032601	325.199015	-0.002710
0.239058	-0.033913	328.016219	-0.002659
0.210913	-0.032411	329.612256	-0.002821
0.154321	-0.028233	310.818444	-0.002848
0.081851	-0.020633	294.990655	-0.002723
0.004878	-0.008496	285.515615	-0.002656
-0.051560	0.008384	282.530585	-0.002679
-0.080696	0.030929	286.874275	-0.002837
-0.084385	0.057719	300.432583	-0.002735
-0.069060	0.083169	297.034434	-0.002878
-0.057028	0.108378	279.548216	-0.001732
-0.065759	0.123560	244.014797	0.000543
-0.101878	0.112196	181.482897	0.001466
-0.172502	0.079032	111.938288	0.001477
-0.263804	0.041318	33.454316	0.001522
-0.360480	0.006441	-50.186397	0.001582
-0.434484	-0.017784	-70.621045	0.001526
-0.397119	-0.026156	-25.043799	0.001639
-0.235893	-0.016839	28.344691	0.001622
-0.047314	0.005011	110.223663	0.001645
0.136830	0.028233	153.494439	0.001649
0.301787	0.042121	200.830323	0.001551
0.390756	0.041976	220.284988	0.000938
0.395821	0.027746	220.308197	0.000658
0.329993	0.005072	172.994171	0.000062
0.208394	-0.020220	157.949773	-0.000486
0.091901	-0.043240	148.292035	-0.001159
0.001890	-0.057505	152.528884	-0.001470
-0.081153	-0.057678	164.592651	-0.001809
-0.134065	-0.047118	157.113335	-0.002239
-0.150575	-0.030083	151.398862	-0.002490
-0.150830	-0.012358	149.947906	-0.002631
-0.126294	-0.000432	161.091511	-0.002632
-0.083902	0.002582	160.845498	-0.002799
-0.034323	-0.000512	193.848036	-0.002926
0.035060	-0.008589	215.184035	-0.002752
0.111552	-0.019065	259.613917	-0.002720
0.170624	-0.028431	296.414494	-0.002774
0.213004	-0.033517	324.225156	-0.002766
0.229283	-0.034947	329.756673	-0.002803
0.202973	-0.033259	328.228947	-0.002688
0.148140	-0.029638	313.039615	-0.002674
0.077915	-0.022483	292.619686	-0.002673
0.002574	-0.011440	288.523501	-0.002717
-0.051589	0.005958	279.643071	-0.002701
-0.079535	0.028318	293.664440	-0.002760
-0.083176	0.055068	301.009897	-0.002691
-0.069650	0.079640	306.205463	-0.002785
-0.060977	0.104042	279.891310	-0.001821
-0.074407	0.120677	251.997873	0.000376
-0.112659	0.112154	183.440357	0.001473
-0.182902	0.081094	119.935504	0.001659
-0.271049	0.042928	38.608740	0.001618
-0.361988	0.007886	-40.506007	0.001499
-0.438086	-0.016888	-71.721908	0.001588
-0.412929	-0.026651	-32.001975	0.001637
-0.259858	-0.018810	24.911621	0.001661
-0.066602	0.001457	95.942816	0.001583
0.118732	0.023970	151.221417	0.001595
0.287652	0.039330	193.076799	0.001567
0.386568	0.040882	221.202341	0.001088
0.400422	0.029105	225.471109	0.000722
0.343650	0.007029	184.258905	0.000133
0.226925	-0.018401	162.881862	-0.000436
0.103790	-0.042218	150.532087	-0.000934
0.009640	-0.057836	153.129558	-0.001477
-0.074682	-0.060824	161.777038	-0.001999
-0.134929	-0.052096	159.892236	-0.002255
-0.154508	-0.035283	145.485112	-0.002650
-0.152440	-0.016521	151.005453	-0.002772
-0.128281	-0.004427	160.293240	-0.002708
-0.080498	0.000564	168.878812	-0.002793
-0.027510	-0.002304	192.250130	-0.002706
0.038301	-0.009637	218.900201	-0.002710
0.112848	-0.020316	253.034705	-0.002837
0.171879	-0.030379	293.008145	-0.002679
0.212277	-0.036928	322.058032	-0.002706
0.229020	-0.039187	328.797032	-0.002794
0.206288	-0.037187	327.479428	-0.002710
0.153310	-0.033076	314.542768	-0.002752
0.086463	-0.026847	296.910950	-0.002672
0.014265	-0.014554	288.832963	-0.002743
-0.042419	0.002871	282.965037	-0.002636
-0.072975	0.024471	287.426809	-0.002847
-0.076866	0.050788	301.093800	-0.002775
-0.061780	0.075380	302.855592	-0.002721
-0.049279	0.099705	285.075840	-0.002075
-0.060917	0.118434	251.188975	0.000042
-0.099438	0.111133	191.637184	0.001465
-0.166807	0.081209	125.464013	0.001625
-0.252520	0.043310	52.518337	0.001602
-0.344981	0.009216	-35.886307	0.001527
-0.428539	-0.016857	-69.832864	0.001637
-0.416035	-0.027792	-32.625183	0.001593
-0.269128	-0.021667	19.649010	0.001620
-0.078264	-0.001601	96.064728	0.001627
0.106860	0.021010	148.183086	0.001666
0.276780	0.036872	193.742879	0.001583
0.381513	0.038755	218.179942	0.001132
0.401376	0.026797	227.134123	0.000518
0.350002	0.005024	185.228938	-0.000037
0.235781	-0.019531	163.291754	-0.000478
0.113612	-0.043804	149.198431	-0.000962
0.018677	-0.060509	151.346463	-0.001491
-0.064361	-0.063341	163.569915	-0.001904
-0.123814	-0.055037	161.751364	-0.002293
-0.146555	-0.039217	152.530735	-0.002637
-0.148182	-0.021618	150.665518	-0.002742
-0.126725	-0.008173	161.369796	-0.002811
-0.084052	-0.003327	164.331294	-0.002720
-0.035685	-0.005669	190.565056	-0.002674
0.029454	-0.013270	215.379488	-0.002808
0.106489	-0.022842	251.533411	-0.002711
0.168073	-0.031961	290.838262	-0.002700
0.212294	-0.038289	322.542806	-0.002715
0.233745	-0.039656	331.191678	-0.002701
0.215055	-0.038093	328.969618	-0.002778
0.164252	-0.034573	319.583307	-0.002587
0.097829	-0.027558	297.068793	-0.002708
0.023187	-0.015706	291.229087	-0.002684
-0.036448	0.001838	284.148509	-0.002652
-0.068641	0.024006	288.558382	-0.002731
-0.074660	0.050318	295.634135	-0.002702
-0.062994	0.076331	304.283359	-0.002887
-0.052831	0.101193	281.221530	-0.001911
-0.066368	0.120210	251.509368	0.000343
-0.104964	0.112997	188.889739	0.001522
-0.172041	0.080489	120.991603	0.001572
-0.256916	0.042310	47.766822	0.001603
-0.348760	0.007388	-45.323850	0.001687
-0.432416	-0.018448	-73.031737	0.001685
-0.413722	-0.029648	-33.383110	0.001633
-0.256238	-0.022519	24.961587	0.001575
-0.062625	-0.001703	96.793708	0.001648
0.118474	0.021618	153.319569	0.001688
0.288936	0.036999	192.596440	0.001493
0.390733	0.038779	219.445901	0.001133
0.403072	0.025940	226.749303	0.000455
0.347112	0.002745	179.781942	-0.000050
0.228266	-0.021738	158.402211	-0.000417
0.106702	-0.045822	148.657920	-0.000966
0.019379	-0.061938	153.916432	-0.001547
-0.059858	-0.064553	163.933087	-0.001970
-0.118801	-0.056556	163.796456	-0.002321
-0.138396	-0.040596	148.690355	-0.002620
-0.142320	-0.022338	151.816484	-0.002724
-0.125914	-0.009914	159.218439	-0.002758
-0.086109	-0.005648	162.331374	-0.002737
-0.039721	-0.008052	189.693098	-0.002719
0.024897	-0.014878	215.732442	-0.002709
0.105154	-0.025239	252.687652	-0.002744
0.165410	-0.034473	293.024610	-0.002711
0.207461	-0.040599	325.009860	-0.002693
0.229624	-0.041175	326.039435	-0.002806
0.207863	-0.037965	330.746836	-0.002743
0.156052	-0.034396	313.580060	-0.002659
0.091338	-0.027469	295.573977	-0.002696
0.017179	-0.016908	285.799126	-0.002689
-0.039884	-0.000559	281.501903	-0.002609
-0.068799	0.022702	284.995757	-0.002677
-0.074279	0.050842	298.996445	-0.002525
-0.058376	0.076774	302.934523	-0.002851
-0.044167	0.102509	283.247010	-0.001963
-0.057887	0.119533	249.453135	0.000383
-0.101144	0.111712	184.223112	0.001441
-0.175622	0.079897	116.527351	0.001585
-0.266607	0.041019	41.981180	0.001589
-0.356780	0.005172	-44.163747	0.001615
-0.434490	-0.020469	-72.754490	0.001532
-0.412024	-0.030540	-34.024672	0.001724
-0.258256	-0.022638	22.049065	0.001655
-0.062706	-0.001658	99.875142	0.001770
0.123109	0.021081	151.219688	0.001666
0.290750	0.036793	194.225970	0.001685
0.389105	0.038356	212.612659	0.001131
0.400212	0.025209	223.385942	0.000751
0.342241	0.002613	176.815379	0.000161
0.225665	-0.022928	164.146510	-0.000441
0.105017	-0.047405	143.081741	-0.000901
0.015114	-0.062947	154.099484	-0.001362
-0.063548	-0.065886	156.986567	-0.001821
-0.119923	-0.057046	163.726554	-0.002295
-0.139997	-0.040940	144.181754	-0.002458
-0.142365	-0.022740	151.891018	-0.002718
-0.122994	-0.010177	154.590250	-0.002716
-0.083526	-0.005870	165.489783	-0.002695
-0.036817	-0.009332	186.707484	-0.002712
0.028699	-0.016812	215.382006	-0.002671
0.105249	-0.026674	250.786460	-0.002878
0.166318	-0.035738	293.123835	-0.002712
0.210057	-0.041449	319.858522	-0.002836
0.230064	-0.042183	327.608524	-0.002751
0.208359	-0.039867	326.919321	-0.002694
0.157429	-0.035418	312.486813	-0.002821
0.090732	-0.027903	296.590245	-0.002734
0.017797	-0.015834	285.248045	-0.002613
-0.038635	0.001677	279.989955	-0.002598
-0.067157	0.027082	284.125209	-0.002699
-0.071662	0.055394	298.655738	-0.002753
-0.056599	0.082306	297.248179	-0.002652
-0.046823	0.108888	278.868913	-0.001485
-0.062947	0.124067	240.255437	0.000766
