MBK	ACC	OVV	EGG
0.900321	-0.113967	418.781754	0.001505
0.737737	-0.070224	83.883839	0.001756
0.456832	-0.018038	6.009298	0.001521
0.300135	0.026665	134.106030	0.001628
0.062859	0.049139	151.848155	0.001664
-0.245929	0.051119	-106.050764	0.001492
-0.492791	0.036457	-208.768614	0.001223
-0.499686	0.007848	-68.737274	0.000769
-0.233473	-0.024450	153.265672	0.000427
-0.061908	-0.049915	266.332310	-0.000152
-0.000576	-0.064347	162.266879	-0.000984
0.169181	-0.068197	98.922999	-0.001523
0.348215	-0.063680	156.600201	-0.001928
0.354523	-0.053302	197.415488	-0.002204
0.166113	-0.040662	151.212113	-0.002760
-0.077502	-0.029223	110.139450	-0.002720
-0.139506	-0.021317	88.494247	-0.002799
-0.034432	-0.020511	135.040668	-0.002678
0.021483	-0.031561	205.695866	-0.002693
0.052929	-0.050104	245.249608	-0.002684
0.143406	-0.063836	291.473209	-0.002771
0.210519	-0.072272	335.800646	-0.002826
0.222275	-0.074807	371.804412	-0.002684
0.233734	-0.071247	375.114113	-0.002793
0.234815	-0.059555	365.613038	-0.002686
0.160648	-0.038507	328.801674	-0.002614
0.046994	-0.008289	349.765807	-0.002773
-0.029330	0.028320	365.909441	-0.002894
-0.026651	0.064127	353.678710	-0.002788
-0.016493	0.103517	277.236979	-0.002786
-0.072860	0.147020	199.980332	-0.001965
-0.200417	0.181514	108.185912	0.000912
-0.333647	0.164615	71.656482	0.001620
-0.450969	0.096424	-95.309582	0.001521
-0.591396	0.024986	-303.685687	0.001655
-0.779025	-0.043244	-421.957983	0.001610
-0.750899	-0.103770	-29.613327	0.001615
-0.148470	-0.137417	436.937249	0.001662
0.675361	-0.131107	494.351147	0.001573
0.869943	-0.095629	261.696676	0.001656
0.587998	-0.046156	2.041163	0.001694
0.387112	0.004660	71.647626	0.001679
0.190228	0.038229	166.456232	0.001701
-0.099700	0.050348	42.149207	0.001615
-0.395394	0.043775	-196.249814	0.001508
-0.544978	0.022002	-147.321394	0.001147
-0.390000	-0.010183	31.857550	0.000621
-0.134343	-0.039297	236.362472	0.000080
-0.048258	-0.060316	221.175095	-0.000469
0.067400	-0.068435	120.141680	-0.001087
0.269799	-0.068229	119.554925	-0.001589
0.376151	-0.061233	187.304152	-0.002051
0.278362	-0.050576	173.488349	-0.002309
0.039613	-0.038008	122.499819	-0.002780
-0.137942	-0.028220	92.985445	-0.002721
-0.093197	-0.023678	110.005841	-0.002647
0.012599	-0.028922	179.642873	-0.002751
0.041556	-0.043410	224.640705	-0.002784
0.093072	-0.059785	263.262384	-0.002759
0.180470	-0.070776	312.729766	-0.002706
0.218469	-0.075415	361.677973	-0.002698
0.224384	-0.074885	373.067078	-0.002619
0.233736	-0.067401	365.747524	-0.002748
0.196297	-0.051077	341.802044	-0.002707
0.103556	-0.026648	336.909942	-0.002784
0.010241	0.008647	364.775885	-0.002616
-0.030359	0.044664	362.993417	-0.002690
-0.019584	0.081935	314.797087	-0.002548
-0.035394	0.124151	234.536231	-0.002640
-0.132496	0.168694	145.821004	-0.000253
-0.285450	0.179639	87.169652	0.001700
-0.411076	0.128975	0.444401	0.001576
-0.525528	0.054414	-216.112061	0.001636
-0.696624	-0.014970	-397.997713	0.001604
-0.817307	-0.080556	-284.783592	0.001552
-0.493549	-0.128789	278.570073	0.001527
0.335004	-0.140137	526.034749	0.001743
0.901258	-0.115199	418.852907	0.001567
0.744279	-0.070323	76.867227	0.001599
0.459523	-0.017785	7.156743	0.001564
0.283330	0.025591	133.731340	0.001727
0.037060	0.047412	144.339922	0.001693
-0.270965	0.048324	-105.391290	0.001470
-0.505341	0.032837	-206.752326	0.001300
-0.498112	0.002975	-62.026323	0.001010
-0.237979	-0.028738	156.297216	0.000409
-0.068376	-0.054688	263.265712	-0.000034
0.004180	-0.068830	161.126247	-0.000933
0.183033	-0.071639	100.777617	-0.001314
0.357177	-0.067369	153.550454	-0.001704
0.352838	-0.057691	195.989199	-0.002152
0.161318	-0.045307	145.673020	-0.002552
-0.076251	-0.034308	103.908004	-0.002630
-0.143174	-0.026424	91.598466	-0.002734
-0.038061	-0.026285	139.107724	-0.002778
0.028194	-0.037119	209.972080	-0.002660
0.061708	-0.055705	244.954431	-0.002707
0.146273	-0.069466	287.549527	-0.002745
0.205507	-0.077400	335.786822	-0.002629
0.218689	-0.078792	376.585477	-0.002743
0.242505	-0.074580	371.579963	-0.002580
0.240142	-0.061807	364.052598	-0.002769
0.157221	-0.040489	323.044666	-0.002870
0.047064	-0.009912	347.374572	-0.002675
-0.031648	0.026022	362.761637	-0.002791
-0.029311	0.061999	346.143686	-0.002727
-0.018892	0.102173	269.187185	-0.002671
-0.076818	0.146596	193.655965	-0.001582
-0.210362	0.178400	98.639497	0.001218
-0.350150	0.155294	59.516243	0.001591
-0.471948	0.084451	-120.597590	0.001633
-0.609531	0.013078	-318.205458	0.001712
-0.779408	-0.054833	-420.685812	0.001723
-0.711141	-0.113297	33.235484	0.001646
-0.054026	-0.143345	467.519845	0.001773
0.763737	-0.131855	487.383562	0.001784
0.879279	-0.093710	232.488187	0.001782
0.571455	-0.043051	-13.454910	0.001658
0.379436	0.007092	81.526945	0.001778
0.167976	0.039164	168.654141	0.001651
-0.131058	0.048065	19.128603	0.001680
-0.416025	0.039164	-212.973298	0.001473
-0.542891	0.014987	-133.595823	0.001099
-0.358882	-0.018697	46.184380	0.000838
-0.106069	-0.047050	251.539292	0.000265
-0.030166	-0.068012	208.661938	-0.000273
0.101794	-0.075176	115.183054	-0.001120
0.307106	-0.072372	122.228812	-0.001517
0.393779	-0.064762	194.128956	-0.002045
0.274192	-0.053157	168.038301	-0.002338
0.032827	-0.040090	114.268757	-0.002549
-0.139178	-0.031289	74.430036	-0.002801
-0.098088	-0.027869	110.662929	-0.002731
0.008724	-0.033622	181.736083	-0.002766
0.054092	-0.049665	230.966762	-0.002747
0.112206	-0.067082	263.858969	-0.002834
0.199946	-0.077271	306.350451	-0.002662
0.229146	-0.081677	350.936965	-0.002585
0.228502	-0.081994	372.485529	-0.002673
0.246104	-0.074271	360.361478	-0.002934
0.206891	-0.057424	338.995018	-0.002777
0.097201	-0.031611	330.425179	-0.002771
0.005056	0.001998	362.194567	-0.002632
-0.024933	0.037922	365.577587	-0.002867
-0.007865	0.074722	315.050055	-0.002597
-0.031650	0.114949	233.136774	-0.002600
-0.136065	0.157225	151.339189	-0.000432
-0.280423	0.171238	84.693839	0.001715
-0.404618	0.122753	6.073918	0.001531
-0.515557	0.049068	-195.420036	0.001561
-0.653468	-0.018370	-389.145914	0.001516
-0.783134	-0.083079	-303.378798	0.001758
-0.517518	-0.131045	262.934778	0.001690
0.302294	-0.144225	493.536262	0.001736
0.895715	-0.119982	416.421795	0.001584
0.752819	-0.076928	88.904672	0.001519
0.480425	-0.024421	3.996769	0.001575
0.295967	0.018865	130.757309	0.001645
0.044968	0.040187	152.301446	0.001569
-0.250176	0.042125	-99.829699	0.001601
-0.490756	0.027926	-202.893956	0.001526
-0.502584	-0.001081	-72.557570	0.001051
-0.238704	-0.033012	145.177185	0.000744
-0.063558	-0.058357	262.219750	0.000213
0.008081	-0.073700	159.600827	-0.000501
0.177508	-0.075392	99.474102	-0.001091
0.348813	-0.070452	151.031856	-0.001602
0.356953	-0.063071	190.792531	-0.001886
0.177037	-0.050965	145.728570	-0.002424
-0.068946	-0.040840	83.932822	-0.002615
-0.164961	-0.034114	79.779528	-0.002773
-0.061052	-0.033537	146.836660	-0.002620
0.054532	-0.042591	211.682862	-0.002722
0.096182	-0.059401	244.535751	-0.002720
0.152595	-0.073742	269.837462	-0.002692
0.209614	-0.081753	313.173288	-0.002695
0.211343	-0.084709	358.599370	-0.002629
0.218998	-0.082155	365.922759	-0.002689
0.226695	-0.071888	351.427241	-0.002744
0.155075	-0.052355	331.610353	-0.002713
0.062057	-0.023808	345.191459	-0.002668
0.005041	0.011564	365.324434	-0.002735
-0.010844	0.046790	355.256355	-0.002800
-0.011188	0.084291	280.061318	-0.002681
-0.060812	0.128679	213.048194	-0.002103
-0.186635	0.167601	118.541612	0.000668
-0.329577	0.158439	77.531766	0.001639
-0.447149	0.092636	-69.490723	0.001593
-0.563441	0.021009	-285.047966	0.001592
-0.745131	-0.045587	-439.943028	0.001629
-0.794543	-0.107876	-109.015052	0.001599
-0.267045	-0.144945	425.107684	0.001617
0.628389	-0.143023	513.634846	0.001550
0.941875	-0.108512	309.978393	0.001655
0.647395	-0.059760	-5.258464	0.001602
0.400304	-0.008077	55.078048	0.001628
0.200280	0.029021	167.044843	0.001707
-0.074193	0.042704	79.983041	0.001707
-0.376361	0.037937	-195.433930	0.001707
-0.559717	0.016984	-171.364850	0.001077
-0.439920	-0.015820	1.274691	0.000831
-0.154947	-0.046243	229.864747	0.000405
-0.043579	-0.068610	231.701003	-0.000003
0.057205	-0.078293	119.030656	-0.000862
0.252605	-0.076287	105.256626	-0.001227
0.388859	-0.070177	184.017308	-0.001739
0.317077	-0.060290	183.947386	-0.002182
0.074316	-0.047288	121.287613	-0.002630
-0.152024	-0.037237	63.802062	-0.002773
-0.158836	-0.032095	95.795446	-0.002673
-0.017355	-0.034953	169.739817	-0.002693
0.069469	-0.048328	226.120491	-0.002760
0.102180	-0.066359	248.735845	-0.002738
0.167363	-0.078732	286.174265	-0.002742
0.209117	-0.084449	325.935697	-0.002785
0.204669	-0.085566	366.025728	-0.002714
0.219682	-0.080743	362.569400	-0.002767
0.209890	-0.067246	342.545219	-0.002653
0.117488	-0.045649	321.549751	-0.002743
0.019312	-0.015905	344.113398	-0.002879
-0.026852	0.019515	361.460368	-0.002725
-0.017205	0.055251	342.604944	-0.002591
-0.016882	0.093882	266.090236	-0.002630
-0.086844	0.136270	196.328490	-0.001587
-0.225029	0.167251	101.164313	0.001239
-0.370905	0.142215	47.820305	0.001584
-0.492823	0.072122	-125.179528	0.001585
-0.606071	0.003285	-318.267599	0.001582
-0.767255	-0.061702	-409.675891	0.001563
-0.714803	-0.117779	48.356669	0.001595
-0.052593	-0.145420	455.701486	0.001893
0.775086	-0.133513	475.799847	0.001556
0.889696	-0.095108	222.273732	0.001677
0.576939	-0.045051	-8.809906	0.001699
0.349857	0.004276	81.519272	0.001657
0.118251	0.034964	167.557448	0.001706
-0.162474	0.043406	7.179138	0.001497
-0.430008	0.034762	-207.486113	0.001397
-0.557210	0.010751	-129.297985	0.001132
-0.368591	-0.021505	52.383561	0.000618
-0.107227	-0.049977	247.918390	0.000232
-0.018905	-0.068917	202.940874	-0.000369
0.111188	-0.074499	110.361681	-0.001166
0.302008	-0.071457	123.564582	-0.001531
0.382316	-0.063923	191.530002	-0.001844
0.255387	-0.052799	163.858212	-0.002394
-0.002835	-0.041328	109.344940	-0.002676
-0.187055	-0.032608	69.965570	-0.002682
-0.125111	-0.029087	114.466186	-0.002702
0.024279	-0.034350	182.143919	-0.002826
0.088667	-0.049379	232.453777	-0.002710
0.126408	-0.066478	258.967284	-0.002760
0.186413	-0.076279	297.437986	-0.002770
0.197886	-0.080647	333.099053	-0.002760
0.192221	-0.080788	362.515028	-0.002653
0.210354	-0.074280	356.619508	-0.002703
0.178287	-0.058989	337.627056	-0.002734
0.082863	-0.035841	323.642094	-0.002698
0.003093	-0.004031	346.168088	-0.002675
-0.024748	0.030390	361.223648	-0.002783
-0.007144	0.066052	329.014160	-0.002707
-0.016732	0.106682	252.048385	-0.002742
-0.117241	0.149835	168.420993	-0.000877
-0.269101	0.170527	91.821870	0.001545
-0.394478	0.130647	23.027901	0.001589
-0.498139	0.059096	-177.720891	0.001713
-0.646876	-0.007210	-372.064502	0.001700
-0.813832	-0.072461	-343.418671	0.001658
-0.612020	-0.123075	191.235976	0.001585
0.185483	-0.141679	486.798527	0.001694
0.880213	-0.121262	428.627725	0.001578
0.819463	-0.080456	130.868504	0.001828
0.506378	-0.028520	-2.014623	0.001627
0.289879	0.016748	121.304519	0.001687
0.045702	0.042329	152.949143	0.001601
-0.242706	0.046653	-65.826690	0.001530
-0.490936	0.034303	-210.973854	0.001371
-0.538563	0.006998	-86.879405	0.000823
-0.291822	-0.023930	114.276935	0.000173
-0.076062	-0.050864	256.583117	-0.000051
0.004365	-0.066582	168.717973	-0.000970
0.164425	-0.069475	101.383481	-0.001486
0.346569	-0.065453	143.384747	-0.001849
0.373111	-0.056713	196.362917	-0.002263
0.191413	-0.044405	153.893427	-0.002591
-0.074373	-0.032954	97.459768	-0.002768
-0.191996	-0.025654	79.488534	-0.002772
-0.068951	-0.023127	129.007755	-0.002817
0.064432	-0.031256	194.719394	-0.002825
0.097558	-0.048125	237.294784	-0.002761
0.139119	-0.063695	270.396337	-0.002746
0.192460	-0.073606	306.161098	-0.002765
0.195575	-0.078256	342.878021	-0.002703
0.199190	-0.076784	359.220878	-0.002694
0.210474	-0.067855	358.334202	-0.002739
0.165610	-0.049348	345.501634	-0.002700
0.085648	-0.023166	338.145207	-0.002755
0.014819	0.009368	349.063820	-0.002684
-0.020652	0.043663	352.453831	-0.002831
-0.008608	0.079486	303.375099	-0.002638
-0.036769	0.121147	243.793239	-0.002619
-0.152965	0.162099	157.633921	-0.000630
-0.288821	0.172063	94.685453	0.001583
-0.397048	0.122461	-13.497238	0.001514
-0.508748	0.050738	-218.274221	0.001624
-0.680287	-0.015637	-395.796900	0.001609
-0.814076	-0.078453	-267.576173	0.001629
-0.502330	-0.123960	282.481923	0.001629
0.360392	-0.134607	490.377342	0.001666
0.948726	-0.109364	392.330633	0.001676
0.782162	-0.064974	78.012718	0.001773
0.458216	-0.012601	20.665314	0.001552
0.237784	0.029433	133.658884	0.001707
-0.011959	0.050450	134.581503	0.001538
-0.294183	0.050580	-115.089044	0.001328
-0.513117	0.035476	-194.281043	0.000848
-0.501002	0.006513	-52.281852	0.000643
-0.224202	-0.024190	161.973645	0.000176
-0.039499	-0.047383	253.762811	-0.000518
0.041009	-0.060100	150.973295	-0.001226
0.212955	-0.062583	99.262515	-0.001672
0.380478	-0.058033	156.560893	-0.002125
0.358335	-0.047678	194.799588	-0.002564
0.141290	-0.034607	141.922353	-0.002660
-0.118101	-0.024219	101.936703	-0.002752
-0.167578	-0.017042	93.310159	-0.002685
-0.007176	-0.016636	139.160662	-0.002802
0.094449	-0.027474	205.783149	-0.002683
0.114263	-0.045798	246.058079	-0.002717
0.166473	-0.059347	290.252010	-0.002912
0.205229	-0.065916	323.353261	-0.002808
0.203657	-0.068773	357.560402	-0.002780
0.219401	-0.066309	363.285382	-0.002619
0.223353	-0.055516	359.767992	-0.002915
0.153132	-0.036440	328.396884	-0.002806
0.055822	-0.009136	340.911463	-0.002784
-0.005771	0.024665	359.209088	-0.002797
-0.003436	0.059866	360.320113	-0.002685
0.009034	0.098805	292.759527	-0.002748
-0.050015	0.142789	222.391023	-0.002348
-0.185509	0.181464	121.930857	0.000200
-0.317744	0.173763	78.756694	0.001628
-0.416584	0.110804	-67.666835	0.001491
-0.536814	0.040613	-278.452648	0.001446
-0.740228	-0.025891	-420.169987	0.001604
-0.787523	-0.086853	-108.636451	0.001547
-0.245951	-0.124513	402.307380	0.001567
0.652436	-0.123521	490.191419	0.001598
0.974139	-0.090568	305.546634	0.001541
0.679567	-0.042300	17.933945	0.001593
0.403094	0.010160	63.152870	0.001671
0.183353	0.046469	165.104992	0.001559
-0.089954	0.061019	76.565178	0.001455
-0.371906	0.057301	-179.446376	0.001201
-0.542764	0.036834	-167.774363	0.000797
-0.424955	0.005705	6.312777	0.000330
-0.137357	-0.024416	218.613428	-0.000214
-0.008984	-0.046200	233.863554	-0.000772
0.097319	-0.055326	125.714450	-0.001492
0.295995	-0.054992	116.223522	-0.001945
0.419389	-0.046936	186.733292	-0.002289
0.327073	-0.034219	187.052530	-0.002634
0.063090	-0.021849	129.996162	-0.002721
-0.162162	-0.011243	94.333171	-0.002782
-0.125979	-0.005358	93.734479	-0.002752
0.032605	-0.008162	163.906239	-0.002665
0.097515	-0.022730	220.574258	-0.002765
0.130464	-0.040373	262.476779	-0.002810
0.183920	-0.052177	303.544105	-0.002781
0.204469	-0.058543	338.474867	-0.002755
0.212010	-0.060190	367.787603	-0.002710
0.232659	-0.055047	367.925511	-0.002693
0.207470	-0.041775	351.487604	-0.002662
0.111544	-0.019835	324.123844	-0.002735
0.014762	0.009138	350.976431	-0.002635
-0.023879	0.044851	359.856956	-0.002678
-0.005556	0.080724	347.198138	-0.002747
-0.011878	0.120222	273.055936	-0.002875
-0.091164	0.163157	207.778428	-0.001977
-0.221259	0.194758	106.500492	0.001169
-0.344870	0.171071	56.766393	0.001629
-0.454145	0.100924	-127.741295	0.001518
-0.589473	0.031924	-318.334240	0.001587
-0.783311	-0.033409	-412.438484	0.001556
-0.728112	-0.090495	46.965283	0.001591
-0.028681	-0.119477	455.791828	0.001516
0.828264	-0.108219	476.638242	0.001623
0.933124	-0.069933	223.658623	0.001703
0.585159	-0.019515	-6.918402	0.001555
0.329630	0.029989	91.330589	0.001672
0.092910	0.061049	171.956057	0.001736
-0.179872	0.069378	15.592927	0.001415
-0.436951	0.061351	-208.946548	0.001072
-0.555664	0.037214	-128.573693	0.000758
-0.358354	0.004734	55.581850	0.000160
-0.087720	-0.023664	255.938215	-0.000238
0.005502	-0.042434	203.589328	-0.001042
0.137237	-0.048664	112.636582	-0.001395
0.331228	-0.046576	123.818221	-0.002088
0.406149	-0.036705	196.868255	-0.002420
