MBK	ACC	OVV	EGG
-0.284530	0.141435	14.163566	-0.455092
-0.402810	0.089126	-28.245458	-0.451635
-0.493390	0.043667	-64.797900	-0.451985
-0.533513	0.002629	-90.118328	-0.450302
-0.503375	-0.017955	-100.661608	-0.453693
-0.411572	-0.017880	-96.706463	-0.457902
-0.266370	-0.008124	-84.100546	-0.460507
-0.094203	-0.000830	-64.035137	-0.461524
0.081249	0.000763	-43.209092	-0.466004
0.233009	0.000700	-23.204893	-0.467344
0.337681	0.000546	-2.255906	-0.470111
0.403835	-0.001499	13.158363	-0.475872
0.423519	-0.010986	34.085610	-0.478819
0.419001	-0.029894	53.968675	-0.484429
0.389975	-0.058314	74.748200	-0.491923
0.349889	-0.093266	91.685100	-0.492263
0.295207	-0.127282	104.270893	-0.498198
0.231364	-0.158124	109.143054	-0.503331
0.153796	-0.181327	107.359866	-0.507119
0.068882	-0.193305	99.816586	-0.512871
-0.015489	-0.189652	90.071351	-0.516636
-0.085063	-0.173784	81.771536	-0.518913
-0.133648	-0.151252	77.130267	-0.523672
-0.147531	-0.128266	75.097555	-0.526373
-0.134823	-0.102518	79.890852	-0.526457
-0.097640	-0.071934	86.938352	-0.530869
-0.047757	-0.030873	96.746465	-0.532251
0.005814	0.017569	105.807187	-0.530609
0.053527	0.074290	113.788047	-0.533539
0.084167	0.132904	119.853312	-0.534439
0.089614	0.188426	121.274884	-0.526377
0.063503	0.238550	114.935961	-0.490783
0.006794	0.269315	99.659633	-0.472559
-0.077660	0.252464	76.192673	-0.461778
-0.184211	0.196724	43.398577	-0.456511
-0.302111	0.136082	4.013424	-0.452073
-0.418726	0.084377	-36.529807	-0.448974
-0.498206	0.039704	-71.267638	-0.449613
-0.523795	0.005220	-92.954883	-0.449554
-0.480813	-0.008190	-101.242613	-0.450637
-0.375967	-0.006642	-94.144047	-0.455359
-0.220190	0.000342	-79.979817	-0.456119
-0.044677	0.007033	-58.904664	-0.457662
0.126568	0.009514	-38.957552	-0.463186
0.269635	0.011344	-17.825362	-0.464850
0.368202	0.012056	3.343968	-0.466417
0.425659	0.008553	20.128485	-0.473923
0.441553	-0.001415	39.639937	-0.476792
0.431811	-0.022192	60.138127	-0.481981
0.398727	-0.054528	79.238984	-0.490104
0.351304	-0.092312	95.665298	-0.492102
0.291756	-0.128205	104.377428	-0.494721
0.220482	-0.157640	107.431325	-0.503801
0.137587	-0.177696	103.689709	-0.506589
0.052079	-0.185229	96.648896	-0.510438
-0.029023	-0.178551	87.121386	-0.516013
-0.090117	-0.160488	79.114080	-0.517461
-0.128629	-0.135619	77.195406	-0.521347
-0.134446	-0.111208	79.283835	-0.525220
-0.113893	-0.085185	85.574366	-0.526415
-0.074106	-0.053167	92.302328	-0.529867
-0.026520	-0.011032	99.783447	-0.533031
0.023042	0.039157	106.514087	-0.533341
0.063228	0.096478	113.439061	-0.533470
0.088836	0.155585	119.864002	-0.536385
0.090557	0.208893	119.558350	-0.519568
0.064893	0.254048	113.725765	-0.483393
0.008177	0.273374	96.780260	-0.472828
-0.078371	0.244791	70.516472	-0.460380
-0.190735	0.185229	35.536487	-0.455204
-0.314550	0.126511	-6.314943	-0.454272
-0.428429	0.078165	-47.610961	-0.450602
-0.497350	0.035604	-78.354924	-0.450468
-0.505159	0.005458	-95.403176	-0.451211
-0.444960	-0.002391	-98.616398	-0.451494
-0.327433	0.003345	-89.000651	-0.457281
-0.163539	0.013044	-72.498065	-0.459289
0.007115	0.018214	-51.390850	-0.460422
0.172555	0.018670	-32.673994	-0.465421
0.296111	0.020028	-11.859097	-0.469311
0.378958	0.019144	3.974575	-0.470206
0.417500	0.013354	21.001676	-0.475066
0.424250	-0.001541	41.222493	-0.482454
0.408558	-0.026195	60.824564	-0.486720
0.378205	-0.059318	82.045889	-0.491305
0.337804	-0.094516	97.960160	-0.496447
0.281017	-0.126679	105.773706	-0.499123
0.213631	-0.153046	105.968074	-0.506508
0.133541	-0.169474	102.018232	-0.511565
0.047196	-0.173340	93.907734	-0.513275
-0.033506	-0.163435	84.731192	-0.517667
-0.096212	-0.145235	78.223899	-0.521675
-0.131043	-0.122396	75.236691	-0.522147
-0.133636	-0.096804	78.874025	-0.528566
-0.108901	-0.069917	84.758738	-0.531125
-0.062764	-0.037549	92.974947	-0.533015
-0.010266	0.005626	100.487133	-0.534964
0.039803	0.060524	106.855146	-0.536741
0.075100	0.121011	113.611150	-0.532972
0.094496	0.180334	115.730288	-0.536388
0.085743	0.233427	113.883704	-0.503893
0.046985	0.273010	104.302418	-0.476209
-0.021216	0.273049	84.065952	-0.470327
-0.117139	0.226554	54.231546	-0.459287
-0.231380	0.164387	16.946269	-0.453084
-0.352418	0.109766	-24.818030	-0.453730
-0.448989	0.062570	-62.739043	-0.450010
-0.496816	0.023676	-87.083781	-0.448832
-0.482657	0.003209	-99.423139	-0.453328
-0.405405	0.001265	-97.618886	-0.453178
-0.270728	0.007816	-85.503193	-0.455066
-0.104709	0.014196	-64.652004	-0.460410
0.063924	0.018262	-42.416077	-0.462241
0.220386	0.019855	-23.699156	-0.464673
0.328978	0.021514	-3.692314	-0.469159
0.400338	0.019769	13.418518	-0.471228
0.427263	0.010845	30.810541	-0.476084
0.426043	-0.006730	48.969925	-0.483659
0.401795	-0.034779	70.315482	-0.487415
0.365718	-0.070579	88.391936	-0.491662
0.316793	-0.107278	100.843344	-0.497350
0.255688	-0.139141	107.617409	-0.501508
0.180939	-0.162480	106.277638	-0.506515
0.099923	-0.174269	100.724621	-0.511680
0.014489	-0.173643	90.163390	-0.513102
-0.060022	-0.159914	80.901758	-0.515389
-0.113845	-0.138001	77.174037	-0.521945
-0.137486	-0.113232	76.080998	-0.522641
-0.130400	-0.087561	81.841892	-0.525067
-0.097520	-0.059222	88.011678	-0.529418
-0.052277	-0.022992	96.097166	-0.529946
-0.002443	0.023466	104.834731	-0.532051
0.044572	0.075549	112.430070	-0.534328
0.075561	0.131690	117.198439	-0.532302
0.087201	0.186575	119.657412	-0.528282
0.068583	0.237660	115.260153	-0.493664
0.022569	0.270250	102.336319	-0.471982
-0.052689	0.257489	78.139278	-0.464095
-0.153264	0.203816	45.927097	-0.455999
-0.270826	0.141859	8.065350	-0.451396
-0.388602	0.089998	-32.361286	-0.450138
-0.474001	0.045662	-67.200362	-0.449567
-0.507705	0.010125	-89.370461	-0.446945
-0.474382	-0.004643	-97.545213	-0.450985
-0.380032	-0.002846	-91.707462	-0.454462
-0.233552	0.005593	-78.229665	-0.456750
-0.066526	0.011552	-56.797067	-0.460375
0.100661	0.012998	-37.213014	-0.462869
0.243431	0.012727	-15.695613	-0.465880
0.341564	0.013304	3.078435	-0.470793
0.402105	0.010398	20.500052	-0.474012
0.420724	-0.001356	37.223565	-0.479367
0.414201	-0.022827	56.774472	-0.487027
0.387577	-0.053252	78.305590	-0.491643
0.349274	-0.087286	94.890566	-0.493568
0.296442	-0.121278	104.998276	-0.500431
0.232932	-0.151584	108.984714	-0.506406
0.153004	-0.173175	105.390866	-0.509312
0.066222	-0.181988	97.665553	-0.515588
-0.018753	-0.177981	87.254100	-0.517811
-0.088555	-0.162354	78.724939	-0.519318
-0.136423	-0.141647	75.427080	-0.525390
-0.150842	-0.117612	76.656369	-0.527935
-0.135390	-0.090728	82.444351	-0.529588
-0.097271	-0.058903	90.006606	-0.533628
-0.050393	-0.018999	97.566958	-0.534106
0.001232	0.030621	105.438789	-0.535577
0.044294	0.087452	111.770849	-0.536362
0.073145	0.146238	116.247367	-0.537195
0.078042	0.201084	116.856588	-0.517967
0.054077	0.245802	111.609039	-0.484165
0.000823	0.261245	93.840780	-0.472367
-0.084261	0.230711	67.547571	-0.461202
-0.193309	0.172472	32.885501	-0.458094
-0.313279	0.113093	-7.477419	-0.453403
-0.423486	0.061656	-47.029172	-0.452046
-0.492522	0.020015	-78.121680	-0.452601
-0.504585	-0.007228	-94.880859	-0.453028
-0.448863	-0.015531	-95.233307	-0.453602
-0.338113	-0.011227	-86.914426	-0.459425
-0.181943	-0.001923	-70.121851	-0.459739
-0.017265	0.004259	-49.146664	-0.463095
0.142660	0.005231	-30.912958	-0.466978
0.266508	0.005903	-9.093648	-0.469094
0.352372	0.006158	5.927778	-0.472487
0.397454	-0.001115	24.260775	-0.477046
0.410128	-0.014875	44.299509	-0.479659
0.400087	-0.038565	63.949112	-0.486475
0.373687	-0.071547	83.113748	-0.492806
0.335838	-0.107907	100.025663	-0.493771
0.282847	-0.141437	108.309703	-0.499483
0.211907	-0.168433	108.418450	-0.507225
0.129779	-0.185233	103.373157	-0.508931
0.042216	-0.189326	94.776865	-0.513017
-0.040825	-0.179985	85.274057	-0.516497
-0.107232	-0.160225	78.204273	-0.519201
-0.143823	-0.137161	77.263475	-0.523180
-0.147511	-0.113786	80.299123	-0.526798
-0.126379	-0.089405	86.209061	-0.526589
-0.087981	-0.058902	93.087858	-0.531286
-0.038574	-0.016150	100.417350	-0.532946
0.009844	0.037409	107.217727	-0.533255
0.047643	0.099037	114.029698	-0.533557
0.073182	0.159131	117.964543	-0.534400
0.073778	0.211032	117.408403	-0.503856
0.042493	0.247247	108.734689	-0.476920
-0.018952	0.246823	88.991564	-0.469545
-0.113073	0.202463	59.162473	-0.456797
-0.225773	0.141625	21.632477	-0.454185
-0.348582	0.086609	-21.089493	-0.453273
-0.448161	0.039923	-58.760649	-0.450088
-0.503421	0.004103	-83.785722	-0.450751
-0.491243	-0.013483	-95.813390	-0.452239
-0.417168	-0.015997	-91.620344	-0.452524
-0.285922	-0.011032	-79.713002	-0.458917
-0.125122	-0.004141	-60.788534	-0.460474
0.037710	0.000416	-41.943329	-0.463182
0.184595	0.000927	-23.492853	-0.467387
0.290580	0.001754	-5.440959	-0.470164
0.362319	-0.000673	10.301024	-0.471307
0.392957	-0.009822	29.572178	-0.479720
0.400321	-0.027086	48.918546	-0.484743
0.389072	-0.054321	69.027459	-0.489235
0.362739	-0.089118	87.539351	-0.494817
0.321742	-0.125075	101.463547	-0.496732
0.266840	-0.155643	108.230264	-0.501310
0.194762	-0.177179	107.443862	-0.508404
0.107304	-0.188977	100.224284	-0.510414
0.015277	-0.189479	89.983834	-0.512539
-0.065119	-0.177477	81.287838	-0.517527
-0.124298	-0.156862	75.896916	-0.521635
-0.152816	-0.133662	74.144074	-0.523356
-0.149472	-0.109490	80.990771	-0.527510
-0.119160	-0.082260	88.263768	-0.529421
-0.074026	-0.046260	96.931191	-0.531270
-0.023156	0.001350	104.416335	-0.536549
0.021659	0.057939	111.429853	-0.536908
0.054624	0.117525	116.775769	-0.535983
0.070170	0.171703	118.534957	-0.532484
0.060050	0.219150	113.727482	-0.495586
0.018069	0.248640	100.491648	-0.474644
-0.053492	0.234080	77.440351	-0.468719
-0.151006	0.182535	44.709094	-0.458860
-0.261300	0.125322	5.858919	-0.455843
-0.373032	0.075599	-32.659458	-0.455633
-0.452906	0.031324	-63.592425	-0.452422
-0.486268	-0.002838	-83.999724	-0.452159
-0.457786	-0.017673	-92.533459	-0.457553
-0.372662	-0.016021	-87.536190	-0.457932
-0.234472	-0.009229	-74.689850	-0.461813
-0.076080	-0.004178	-53.930643	-0.465712
0.083928	-0.001757	-35.668811	-0.465988
0.221546	-0.000071	-16.723251	-0.469819
0.321331	0.001883	2.294445	-0.474471
0.385215	-0.002426	19.373509	-0.476038
0.410800	-0.014479	37.352268	-0.482495
0.413241	-0.035912	57.679739	-0.489335
0.393189	-0.066196	76.948454	-0.491610
0.360905	-0.098874	93.492496	-0.495976
0.313440	-0.131601	104.738834	-0.501006
0.251867	-0.159630	109.016288	-0.504368
0.174439	-0.178537	106.968144	-0.511522
0.089686	-0.186472	99.547161	-0.517649
0.002685	-0.182667	90.081318	-0.518033
-0.072707	-0.170302	81.723165	-0.522845
-0.126073	-0.151178	77.574018	-0.525828
-0.148461	-0.127107	78.679390	-0.527011
-0.141275	-0.101218	82.033997	-0.530515
-0.110376	-0.071603	89.272021	-0.532754
-0.065313	-0.033123	98.448453	-0.532381
-0.013941	0.015176	106.525375	-0.535634
0.030861	0.069273	114.293822	-0.535361
0.062307	0.124588	120.082061	-0.534210
0.072349	0.178289	119.593347	-0.526003
0.053851	0.227964	113.593156	-0.490576
0.006259	0.254535	97.694922	-0.474222
-0.069943	0.232933	71.115894	-0.465679
-0.168644	0.176517	38.859776	-0.457984
-0.282816	0.118056	1.462812	-0.452698
-0.393504	0.069214	-38.906879	-0.455100
-0.471141	0.026350	-71.683578	-0.451734
-0.498990	-0.004892	-92.296240	-0.451287
-0.461431	-0.016944	-96.869396	-0.455867
-0.361557	-0.012971	-88.937735	-0.458600
-0.210538	-0.003782	-71.871483	-0.460527
-0.046543	0.002283	-50.613188	-0.465940
0.115477	0.002379	-32.690895	-0.466929
0.244255	0.002894	-12.389684	-0.469332
0.335183	0.004019	4.221951	-0.473913
0.385406	-0.001444	21.565121	-0.477270
0.403520	-0.015385	40.215527	-0.483152
0.400174	-0.039486	59.582552	-0.490312
0.379746	-0.070064	79.439070	-0.493618
0.346678	-0.102952	96.945207	-0.494603
0.299938	-0.135200	107.964745	-0.502411
0.238571	-0.162984	110.035581	-0.506684
0.160602	-0.181420	106.060964	-0.510069
0.071443	-0.186740	97.549096	-0.514583
-0.017783	-0.179197	86.784557	-0.517141
-0.093954	-0.161772	79.195573	-0.520758
-0.143183	-0.139764	75.814309	-0.525495
-0.159093	-0.117497	77.537270	-0.527655
-0.142961	-0.092347	83.402814	-0.529514
-0.105898	-0.060460	92.286907	-0.533073
-0.055483	-0.019463	99.800504	-0.532690
-0.002370	0.032173	107.227389	-0.536358
0.040802	0.090489	114.313422	-0.536527
0.067756	0.147793	117.495438	-0.536582
0.070160	0.198150	115.603456	-0.516547
0.045221	0.241309	107.045265	-0.483930
-0.009215	0.257071	88.602591	-0.472636
-0.092900	0.225253	62.102488	-0.463182
-0.195082	0.166225	28.229356	-0.458754
-0.310089	0.109984	-12.236615	-0.453270
-0.414508	0.063692	-51.102045	-0.453661
-0.482866	0.023954	-81.175890	-0.453249
-0.493019	-0.000206	-97.522389	-0.454291
-0.436720	-0.007641	-97.873309	-0.457960
-0.325724	-0.003586	-88.714305	-0.461485
-0.175605	0.002899	-72.273114	-0.462264
-0.014181	0.006678	-51.824580	-0.465667
0.140917	0.007507	-32.748336	-0.469840
0.261665	0.008205	-12.507994	-0.471393
0.347394	0.008464	5.990173	-0.475898
0.395678	0.001011	24.213537	-0.481242
0.412385	-0.014805	45.021663	-0.483873
0.405402	-0.040269	65.115703	-0.492498
0.382065	-0.073537	84.708341	-0.496633
0.341004	-0.106577	98.063556	-0.498310
0.288265	-0.137259	106.297023	-0.505123
0.224062	-0.161065	107.238483	-0.510724
0.137566	-0.175238	103.016817	-0.512497
0.046030	-0.178047	94.789459	-0.517847
-0.036242	-0.170023	85.846276	-0.519879
-0.103542	-0.153803	79.020816	-0.521747
-0.146149	-0.132732	77.983558	-0.526496
-0.156032	-0.109554	77.783297	-0.529640
-0.138058	-0.084335	83.630207	-0.530014
-0.101555	-0.053191	93.276305	-0.535171
-0.054787	-0.010978	97.606350	-0.535834
-0.002211	0.042710	108.323462	-0.536912
0.039923	0.101517	116.003249	-0.537825
0.066829	0.155954	119.348080	-0.537162
0.069612	0.204011	117.828905	-0.513820
0.043526	0.244695	106.495858	-0.483504
-0.020318	0.255056	85.513508	-0.471908
-0.110483	0.220590	60.094701	-0.462373
-0.217258	0.163938	24.825602	-0.457067
-0.329085	0.111777	-15.251217	-0.452529
-0.425925	0.067772	-50.435045	-0.452121
-0.483327	0.028151	-76.973887	-0.451588
-0.484597	0.002652	-92.572095	-0.453413
-0.421738	-0.004591	-91.249272	-0.455282
-0.307904	0.000846	-83.204743	-0.459764
-0.156625	0.007829	-67.127400	-0.460635
-0.000776	0.010900	-47.510798	-0.464805
0.149450	0.010997	-29.206469	-0.468624
0.260811	0.010811	-8.584603	-0.470890
0.343709	0.009681	8.646582	-0.473725
0.385008	-0.000043	26.744128	-0.480318
0.399782	-0.018276	47.555154	-0.484292
0.393337	-0.045695	65.186849	-0.490176
0.371839	-0.077397	84.754648	-0.495666
0.337098	-0.110240	98.924373	-0.496928
0.281952	-0.139195	108.190829	-0.502780
0.217254	-0.161751	110.157931	-0.508253
0.141261	-0.175622	105.575260	-0.511371
0.051503	-0.175765	96.731416	-0.515806
-0.045954	-0.165760	90.017473	-0.518635
-0.121114	-0.149622	84.016416	-0.521397
-0.152791	-0.128984	83.917809	-0.524865
-0.150109	-0.107605	85.585498	-0.528034
-0.138099	-0.081825	90.180962	-0.528193
-0.111000	-0.046367	97.419015	-0.533691
-0.066735	0.000591	103.109515	-0.532835
-0.009672	0.051788	111.167034	-0.533728
0.040458	0.103316	118.250719	-0.533277
0.070378	0.155726	121.578033	-0.534730
0.072965	0.205907	120.707597	-0.510069
0.045307	0.249477	107.087438	-0.479271
-0.016213	0.263299	84.790501	-0.471782
-0.100145	0.226732	57.761945	-0.460737
-0.202109	0.166885	24.215895	-0.456175
-0.318949	0.114759	-14.548153	-0.453055
-0.419342	0.070071	-55.167668	-0.450146
-0.480731	0.028466	-83.264909	-0.449975
-0.483879	0.000562	-97.407734	-0.451283
-0.424036	-0.007137	-93.676658	-0.453625
-0.302798	-0.001290	-83.283155	-0.459453
-0.146226	0.008105	-65.249834	-0.461276
0.011321	0.012041	-45.021730	-0.463171
0.140307	0.010307	-25.811487	-0.467657
0.246088	0.010195	-3.667921	-0.470811
0.364472	0.009268	13.875392	-0.471946
0.399153	0.000251	31.310779	-0.479102
0.382236	-0.019253	51.144283	-0.484543
0.396872	-0.047768	69.579270	-0.489562
0.368131	-0.078917	87.078466	-0.494264
0.322997	-0.110826	103.655240	-0.498015
0.302143	-0.140399	110.046325	-0.501356
