MBK	ACC	OVV	EGG
0.043240	0.048584	51.810956	0.087060
0.211520	0.040822	60.504694	0.077133
0.354904	0.021922	61.309445	0.065042
0.433174	-0.007244	66.716955	0.053675
0.453080	-0.037936	68.780324	0.041455
0.400181	-0.066797	72.173430	0.028398
0.297872	-0.086660	63.670309	0.016506
0.164400	-0.100683	59.380429	0.006003
-0.008373	-0.102944	48.650496	-0.005179
-0.164644	-0.096483	50.306991	-0.012375
-0.269019	-0.083617	54.266838	-0.020483
-0.311024	-0.072640	63.980804	-0.027672
-0.266479	-0.065669	70.629248	-0.033967
-0.180806	-0.065043	75.830552	-0.041186
-0.050555	-0.066872	82.091879	-0.047122
0.108022	-0.073735	90.418165	-0.053975
0.258706	-0.076260	97.413456	-0.060309
0.384837	-0.076338	102.687451	-0.067470
0.450107	-0.084547	108.065452	-0.073548
0.439882	-0.086328	110.241723	-0.080273
0.370031	-0.080774	109.803692	-0.084853
0.252357	-0.073412	103.518602	-0.088929
0.107612	-0.062996	99.216806	-0.091567
-0.037083	-0.049063	92.191584	-0.094785
-0.159232	-0.035293	89.638569	-0.096010
-0.247014	-0.011056	87.615004	-0.097926
-0.304838	0.022180	88.424460	-0.095679
-0.316284	0.055527	90.777084	-0.095506
-0.275760	0.095086	93.643113	-0.089326
-0.189898	0.140483	89.692353	-0.092860
-0.073763	0.182775	82.975963	-0.053089
0.022362	0.219515	73.959559	0.056838
0.075024	0.220077	60.624894	0.090746
0.076040	0.175157	43.302635	0.116104
0.017475	0.124223	23.480585	0.127023
-0.106050	0.083550	-0.401440	0.139692
-0.273529	0.047296	-12.973101	0.136898
-0.453944	0.017424	-4.626562	0.131413
-0.562842	-0.000436	5.671150	0.122484
-0.533211	-0.001793	22.827991	0.115872
-0.413034	0.010611	26.845838	0.105970
-0.227968	0.029621	38.109220	0.096611
-0.041560	0.044172	48.955337	0.086152
0.126563	0.039681	57.997647	0.076665
0.295325	0.022206	61.976514	0.064738
0.413152	-0.000010	64.594909	0.054549
0.470505	-0.023050	66.981732	0.042216
0.468414	-0.051009	71.115062	0.031235
0.401213	-0.075336	70.973450	0.017005
0.298557	-0.092864	64.670311	0.006237
0.148106	-0.103755	55.689133	-0.004790
-0.032881	-0.104024	50.497484	-0.013165
-0.183080	-0.092539	55.244034	-0.021065
-0.282478	-0.078376	58.502587	-0.027673
-0.291683	-0.068284	68.627382	-0.036097
-0.228628	-0.063969	75.939653	-0.042045
-0.121335	-0.067417	82.579883	-0.049218
0.031495	-0.070134	86.109019	-0.055126
0.183941	-0.076522	91.901074	-0.062944
0.318748	-0.080227	99.465161	-0.068506
0.409426	-0.084845	104.579948	-0.075604
0.432582	-0.090297	108.256736	-0.079806
0.406074	-0.092075	113.132311	-0.086452
0.325961	-0.080910	108.832467	-0.090927
0.208043	-0.066212	105.494055	-0.094675
0.077517	-0.050227	98.959671	-0.094593
-0.057723	-0.036322	94.672939	-0.098514
-0.163884	-0.015118	90.387586	-0.097145
-0.242948	0.010735	89.893352	-0.097760
-0.288731	0.038837	90.581377	-0.094900
-0.283661	0.071678	92.758041	-0.096011
-0.239196	0.115107	90.537200	-0.089290
-0.154265	0.163044	84.736296	-0.087348
-0.059564	0.208448	78.434926	0.011204
0.010841	0.230318	67.524655	0.081480
0.052696	0.205885	52.650504	0.104074
0.035050	0.157104	32.494719	0.125077
-0.038754	0.108678	11.407153	0.133866
-0.187381	0.067067	-7.422683	0.141794
-0.374208	0.031945	-8.583930	0.134053
-0.533483	0.002890	-1.543575	0.128357
-0.573854	-0.011603	16.012454	0.119139
-0.490038	-0.001814	27.403569	0.111218
-0.327373	0.018334	36.281373	0.099927
-0.136602	0.039243	45.961202	0.092062
0.034615	0.047012	55.585706	0.083004
0.201960	0.035498	60.925823	0.072931
0.340656	0.010882	61.778149	0.061382
0.427063	-0.013274	65.213781	0.051209
0.453769	-0.038013	70.664624	0.037172
0.419847	-0.062936	73.696783	0.025357
0.335328	-0.086257	67.054376	0.013081
0.215643	-0.102393	60.692060	0.002563
0.050392	-0.105864	51.243221	-0.007206
-0.106337	-0.096983	52.823096	-0.015158
-0.223635	-0.082505	55.270915	-0.022790
-0.278296	-0.073064	64.278435	-0.028485
-0.250562	-0.071408	72.182117	-0.034754
-0.168705	-0.070890	78.984978	-0.041183
-0.041514	-0.066172	84.547423	-0.047619
0.109421	-0.068791	92.610263	-0.053947
0.256576	-0.077999	97.597054	-0.060903
0.385605	-0.085187	102.701524	-0.068554
0.455405	-0.088845	106.255126	-0.073979
0.450201	-0.085930	109.629009	-0.079302
0.374328	-0.080405	109.593776	-0.084853
0.254346	-0.075084	107.209951	-0.089368
0.123765	-0.066808	102.490149	-0.092616
-0.006385	-0.049879	93.892040	-0.094742
-0.131510	-0.028688	89.046959	-0.094824
-0.236639	-0.005478	89.391528	-0.097347
-0.310581	0.022590	91.758644	-0.095203
-0.326095	0.058775	92.168563	-0.095501
-0.288620	0.095470	92.252277	-0.089018
-0.212016	0.139342	88.446557	-0.093037
-0.116721	0.185399	81.321405	-0.051465
-0.034685	0.221973	72.559179	0.056606
0.027198	0.218556	60.275075	0.091851
0.028097	0.176129	38.183024	0.115232
-0.024318	0.124736	20.019532	0.124243
-0.138607	0.081149	2.082666	0.135224
-0.304738	0.044357	-12.195683	0.132513
-0.465918	0.013437	-5.740868	0.125178
-0.578691	-0.008423	5.905370	0.117028
-0.556135	-0.010296	23.313553	0.110988
-0.432961	0.004993	30.437239	0.100944
-0.247188	0.027378	44.325369	0.092834
-0.058266	0.045437	50.910157	0.082985
0.111635	0.042689	61.725334	0.074009
0.269590	0.024827	61.976674	0.063142
0.384697	-0.002722	67.793160	0.052292
0.437379	-0.029019	68.304619	0.039885
0.430937	-0.053671	72.880656	0.028425
0.368281	-0.075385	68.278767	0.017343
0.259181	-0.096216	64.249550	0.006097
0.115821	-0.105719	57.270327	-0.005856
-0.049846	-0.104986	52.641728	-0.015332
-0.188878	-0.091279	53.381776	-0.024517
-0.277707	-0.077335	59.833238	-0.029494
-0.294964	-0.071749	70.394897	-0.037440
-0.239473	-0.070648	76.239404	-0.043885
-0.134330	-0.068908	81.015771	-0.050643
0.015186	-0.069151	87.288727	-0.056474
0.173821	-0.077129	97.153529	-0.063530
0.315876	-0.081453	101.964269	-0.069278
0.418024	-0.084444	107.349733	-0.076431
0.454298	-0.088183	108.761137	-0.081513
0.415472	-0.088084	110.989424	-0.087210
0.323279	-0.078353	108.455263	-0.089537
0.192264	-0.067709	104.854145	-0.092846
0.059969	-0.052373	98.628257	-0.094375
-0.075851	-0.036088	90.498320	-0.096792
-0.189358	-0.011924	89.813786	-0.096574
-0.275204	0.010970	88.999465	-0.096617
-0.320397	0.039279	89.088271	-0.094155
-0.308898	0.077792	91.269708	-0.093887
-0.256938	0.118256	88.659192	-0.088417
-0.169564	0.164540	85.362208	-0.079002
-0.075914	0.210291	78.427599	0.025200
0.001409	0.228929	67.724474	0.085414
0.050354	0.194484	53.794410	0.106228
0.029530	0.144051	30.603330	0.122573
-0.048299	0.097272	10.157872	0.129796
-0.202358	0.061933	-9.318379	0.134718
-0.385062	0.027887	-5.095196	0.128587
-0.538406	-0.000645	3.000256	0.122348
-0.570305	-0.013109	20.724512	0.114461
-0.476016	-0.001538	26.439810	0.104883
-0.308222	0.022523	35.786456	0.096008
-0.119112	0.047240	44.760614	0.087548
0.046075	0.051468	56.070024	0.078713
0.208027	0.035409	59.312879	0.068913
0.341121	0.008812	62.622903	0.058796
0.425351	-0.019914	67.996182	0.046273
0.440624	-0.043946	72.227178	0.033773
0.396935	-0.065672	70.300812	0.021572
0.313240	-0.085369	66.184675	0.010326
0.190666	-0.099818	61.687775	-0.002123
0.035692	-0.102439	54.272716	-0.011588
-0.113938	-0.092294	56.057412	-0.021075
-0.220315	-0.075825	56.329965	-0.028476
-0.264658	-0.066687	67.886067	-0.035657
-0.242975	-0.066443	72.083322	-0.042476
-0.174317	-0.072315	80.717700	-0.051210
-0.052905	-0.074848	85.045063	-0.056818
0.091852	-0.076374	92.848332	-0.064005
0.248379	-0.077260	99.140451	-0.069846
0.373864	-0.082936	106.519114	-0.077220
0.447297	-0.087300	110.514346	-0.082044
0.448050	-0.087056	111.135299	-0.089603
0.382686	-0.084155	110.597193	-0.091430
0.271481	-0.072525	108.005779	-0.096172
0.132692	-0.058886	103.348696	-0.097135
0.001110	-0.042756	96.564916	-0.101358
-0.111425	-0.027795	93.673930	-0.099388
-0.207925	-0.005476	91.242759	-0.101416
-0.267283	0.027604	93.724620	-0.096986
-0.289579	0.067660	92.708758	-0.098099
-0.260843	0.106591	93.675293	-0.088650
-0.194410	0.149017	88.986429	-0.093550
-0.104116	0.190336	83.150836	-0.020016
-0.022568	0.223608	71.821743	0.073130
0.026040	0.215962	56.147729	0.095626
0.028039	0.173516	39.625624	0.121235
-0.025454	0.122592	19.771241	0.129160
-0.141658	0.078092	0.225988	0.140840
-0.294453	0.043197	-7.060679	0.135274
-0.459711	0.016395	-2.621171	0.129516
-0.553188	-0.000642	10.107343	0.119164
-0.510826	-0.000260	25.825033	0.111694
-0.380460	0.016348	32.030404	0.101036
-0.183225	0.037014	45.263311	0.093080
-0.004903	0.048785	49.315777	0.083419
0.153644	0.041356	59.608257	0.075359
0.309819	0.021205	60.246776	0.063586
0.412052	-0.008544	65.545987	0.052889
0.466635	-0.037529	66.096652	0.040465
0.456071	-0.061430	74.573138	0.028887
0.387997	-0.080743	68.523893	0.016277
0.293766	-0.095712	64.007652	0.005281
0.156221	-0.100319	57.904392	-0.005743
0.005912	-0.095541	56.383211	-0.014249
-0.112859	-0.082757	57.872876	-0.023632
-0.196849	-0.072561	63.662534	-0.030041
-0.202209	-0.065618	71.982409	-0.037819
-0.160489	-0.065394	76.047873	-0.043094
-0.074322	-0.070188	83.127805	-0.051182
0.060263	-0.074007	89.542303	-0.056789
0.199478	-0.079006	96.080888	-0.064964
0.344453	-0.081377	102.417638	-0.070574
0.441090	-0.081069	107.207646	-0.076884
0.470378	-0.076651	108.773533	-0.081840
0.440632	-0.075427	111.625078	-0.088933
0.352203	-0.071446	107.803950	-0.091570
0.230757	-0.061251	104.780340	-0.096455
0.100291	-0.049322	95.294721	-0.097228
-0.039564	-0.037854	90.349419	-0.100204
-0.151884	-0.019477	91.103893	-0.098936
-0.235150	0.004638	89.899470	-0.100677
-0.269502	0.032325	91.989707	-0.097639
-0.255228	0.073431	94.670604	-0.098182
-0.200765	0.121528	94.155404	-0.090392
-0.116616	0.167459	89.242778	-0.088258
-0.026509	0.203361	82.460503	0.007224
0.044150	0.222556	67.279986	0.079411
0.080978	0.202480	52.974158	0.099731
0.049367	0.157865	32.937315	0.120814
-0.040872	0.110764	15.802743	0.127712
-0.183106	0.069180	-1.944611	0.135372
-0.350967	0.033418	-3.731328	0.130301
-0.497012	0.009272	0.069931	0.123668
-0.551202	-0.000287	14.209930	0.115528
-0.492247	0.007813	25.304902	0.107347
-0.351649	0.022910	34.792306	0.096637
-0.162735	0.039790	44.178496	0.088149
0.019752	0.049546	54.242944	0.077659
0.190614	0.041385	60.416645	0.067987
0.339132	0.017330	63.063455	0.057085
0.435867	-0.009259	70.743549	0.047382
0.478165	-0.037109	71.886363	0.035231
0.453829	-0.062816	72.725631	0.022457
0.365790	-0.081455	66.454008	0.010304
0.240016	-0.093591	62.906602	-0.000684
0.074280	-0.098591	56.183130	-0.011167
-0.080707	-0.092727	56.004970	-0.020572
-0.190510	-0.078810	58.110692	-0.027597
-0.248188	-0.064857	64.947030	-0.033958
-0.232601	-0.061683	71.843548	-0.041159
-0.160793	-0.065703	79.098844	-0.046988
-0.036701	-0.066660	83.588778	-0.053728
0.118580	-0.072483	89.074058	-0.060684
0.271818	-0.077509	96.593395	-0.066765
0.399185	-0.079174	103.777121	-0.073164
0.481055	-0.081412	108.553672	-0.079171
0.499708	-0.084203	112.297119	-0.084551
0.455633	-0.080806	111.875724	-0.088510
0.354097	-0.070365	108.469549	-0.092461
0.219884	-0.057876	102.263297	-0.094095
0.080200	-0.044467	98.232639	-0.097243
-0.053357	-0.029490	94.608684	-0.095972
-0.160871	-0.007668	90.069284	-0.097868
-0.232650	0.021202	91.394936	-0.095267
-0.264541	0.055214	93.550016	-0.096409
-0.241641	0.096501	94.028924	-0.088703
-0.182196	0.141526	90.781200	-0.091069
-0.096681	0.184021	84.629232	-0.049189
-0.014059	0.219830	74.248350	0.058034
0.040785	0.223623	61.924825	0.092709
0.050840	0.187115	44.871491	0.117686
0.008392	0.136947	27.146790	0.127753
-0.097179	0.095100	5.953456	0.139098
-0.248707	0.057924	-3.413403	0.138128
-0.415409	0.026200	-2.712311	0.131688
-0.540046	0.003387	5.167945	0.122988
-0.531495	-0.001663	20.122948	0.115491
-0.434263	0.011499	28.341465	0.104894
-0.263444	0.032844	40.580440	0.096716
-0.080923	0.049451	49.673600	0.085774
0.083254	0.048063	58.952675	0.078485
0.255465	0.030458	62.383273	0.067105
0.386933	0.003306	66.462694	0.057300
0.462254	-0.021163	63.757359	0.045091
0.477433	-0.045764	69.674353	0.033622
0.411310	-0.070272	69.122901	0.020075
0.309178	-0.089334	67.618313	0.010524
0.169411	-0.096343	59.631630	-0.002106
0.008508	-0.092629	54.889622	-0.011794
-0.124935	-0.080081	56.383336	-0.021732
-0.226322	-0.069212	60.946103	-0.027493
-0.253200	-0.067603	65.661431	-0.035307
-0.216000	-0.068250	70.608881	-0.040986
-0.139103	-0.067993	76.198532	-0.048791
-0.012159	-0.068596	85.114216	-0.054811
0.129210	-0.071212	94.474593	-0.061882
0.276040	-0.076099	101.579762	-0.068382
0.403711	-0.082657	108.351283	-0.074766
0.460085	-0.085254	108.602576	-0.078599
0.452331	-0.082850	109.208692	-0.085324
0.376183	-0.074964	108.715697	-0.087918
0.244357	-0.064784	104.902175	-0.092641
0.113232	-0.056243	101.831357	-0.094206
-0.020248	-0.048509	95.225321	-0.097411
-0.127456	-0.030549	92.853688	-0.096574
-0.210507	-0.009006	92.419271	-0.099883
-0.271327	0.023737	92.618410	-0.094828
-0.281844	0.062930	93.536322	-0.096054
-0.250431	0.104231	92.113411	-0.086359
-0.172307	0.150506	90.590217	-0.091105
-0.074292	0.197581	84.030307	-0.021103
0.005545	0.230713	74.475508	0.072636
0.052697	0.219606	59.536588	0.096367
0.040762	0.172161	39.083676	0.121084
-0.028019	0.121229	17.427360	0.127876
-0.167021	0.077254	-3.985094	0.138494
-0.338096	0.038095	-7.963676	0.134774
-0.505228	0.012713	-1.617229	0.129626
-0.590598	-0.000004	10.388409	0.120281
-0.544480	0.001283	23.078004	0.113510
-0.414981	0.018019	32.235655	0.102496
-0.227289	0.041584	41.714367	0.094768
-0.045638	0.054199	49.281518	0.085227
0.123522	0.049236	56.122214	0.076397
0.284109	0.025649	59.457595	0.065110
0.393920	-0.004056	65.025905	0.055263
0.444304	-0.030537	68.665963	0.042561
0.431520	-0.055988	71.221124	0.032212
0.355102	-0.077364	68.210795	0.019205
0.242412	-0.093098	63.032890	0.009364
0.097765	-0.101885	54.740898	-0.001953
-0.059259	-0.096606	52.021262	-0.011848
-0.182024	-0.081746	53.721503	-0.020615
-0.264947	-0.071550	60.203560	-0.026884
-0.274844	-0.068066	67.682013	-0.033978
-0.219672	-0.067239	73.012746	-0.041809
-0.108333	-0.070199	80.752044	-0.048816
0.038735	-0.074381	87.174034	-0.053556
0.190799	-0.077342	95.068490	-0.061586
0.327697	-0.082431	100.028012	-0.066612
0.420828	-0.089968	106.994552	-0.074608
0.448562	-0.091436	109.181546	-0.079431
0.407286	-0.085501	110.688873	-0.085708
0.315693	-0.076686	108.654943	-0.088899
0.184643	-0.063445	104.792032	-0.093679
0.050010	-0.051118	98.368398	-0.094317
-0.075689	-0.037966	93.156881	-0.097082
-0.180709	-0.019441	89.899625	-0.095890
-0.262650	0.005008	88.340770	-0.096670
-0.313234	0.031570	91.005187	-0.093458
-0.314186	0.065323	90.553725	-0.094853
-0.265237	0.107673	91.267288	-0.086596
-0.178441	0.155035	87.701180	-0.090647
-0.082344	0.197551	81.055522	-0.006213
-0.002673	0.224846	69.557507	0.077166
0.039009	0.208636	56.195781	0.098752
0.024494	0.162059	34.682492	0.121877
-0.054862	0.110775	15.747516	0.128400
-0.208241	0.070996	-3.659694	0.137814
-0.388463	0.034889	-6.696101	0.133253
-0.551052	0.006333	-0.167467	0.129222
-0.616641	-0.004299	12.347667	0.119856
-0.550939	0.001892	24.556502	0.112794
-0.408170	0.021277	33.533535	0.103224
-0.218419	0.042770	44.728917	0.095584
-0.035007	0.050375	49.385126	0.085604
0.133509	0.040960	55.619831	0.077319
0.285752	0.014615	58.798377	0.065093
0.382103	-0.015249	67.053797	0.055598
0.415454	-0.038361	68.114232	0.042978
0.390749	-0.060341	73.185133	0.030945
0.314111	-0.078636	69.432352	0.017572
0.205033	-0.092543	65.392703	0.007670
0.065500	-0.098317	56.832021	-0.004337
-0.085026	-0.094160	53.937893	-0.011275
-0.203160	-0.081078	52.859679	-0.021213
-0.275745	-0.072370	60.928214	-0.026801
-0.283708	-0.070759	66.980649	-0.034060
-0.225964	-0.072882	76.483705	-0.039865
-0.115023	-0.074154	82.533922	-0.048165
0.039595	-0.079544	89.983158	-0.053991
0.201017	-0.078144	96.795326	-0.062564
