MBK	ACC	OVV	EGG
-0.131222	-0.073040	327.593429	0.001626
0.579536	-0.068784	407.803590	0.001639
0.781812	-0.040114	276.358075	0.001547
0.562281	-0.000833	86.619603	0.001678
0.340594	0.038355	117.983928	0.001517
0.126662	0.062960	140.581127	0.001686
-0.136070	0.070640	47.859949	0.001371
-0.369887	0.063709	-128.299153	0.000768
-0.454467	0.044717	-67.108875	0.000174
-0.305020	0.018045	68.384052	-0.000502
-0.084463	-0.009946	217.613929	-0.000974
0.002169	-0.030936	199.217449	-0.001419
0.094335	-0.037544	139.323008	-0.001792
0.247549	-0.034159	147.936232	-0.002270
0.347577	-0.025491	243.699269	-0.002680
0.308500	-0.017630	246.146711	-0.002679
0.138574	-0.008490	174.069311	-0.002658
-0.072105	-0.002252	89.714001	-0.002588
-0.127083	-0.002350	98.904705	-0.002611
-0.040900	-0.009651	191.552161	-0.002776
0.057221	-0.020995	277.022443	-0.002701
0.111828	-0.032518	298.347629	-0.002745
0.144037	-0.038083	326.817615	-0.002631
0.162184	-0.038778	363.203899	-0.002749
0.180899	-0.035208	385.002473	-0.002660
0.155501	-0.029524	365.549134	-0.002744
0.079832	-0.017215	326.069958	-0.002715
0.005348	0.001198	302.205522	-0.002702
-0.026845	0.027181	343.265910	-0.002586
-0.028306	0.053762	357.858566	-0.002664
-0.022892	0.084427	346.271105	-0.002770
-0.049126	0.118961	271.307309	-0.002779
-0.114310	0.158658	193.123201	-0.000558
-0.218638	0.179389	117.820441	0.001494
-0.319378	0.152182	68.959414	0.001528
-0.418604	0.096756	-96.053883	0.001614
-0.570414	0.040879	-254.181754	0.001542
-0.725865	-0.013613	-297.136350	0.001723
-0.571673	-0.055387	88.381175	0.001573
0.073288	-0.073406	362.296726	0.001580
0.693117	-0.061053	394.338146	0.001616
0.732558	-0.029385	204.317404	0.001585
0.490134	0.010996	85.460485	0.001563
0.279201	0.046483	120.474548	0.001604
0.048971	0.066334	134.168800	0.001698
-0.215592	0.069142	-14.572332	0.001397
-0.409576	0.058887	-128.067629	0.000973
-0.430924	0.037579	-29.016959	0.000221
-0.233669	0.009841	114.429844	-0.000250
-0.050826	-0.016627	225.587564	-0.000862
0.017747	-0.035120	180.627522	-0.001326
0.132806	-0.039066	133.231024	-0.001683
0.288010	-0.033543	169.047850	-0.002099
0.348023	-0.025551	254.496859	-0.002509
0.274666	-0.017281	231.590500	-0.002723
0.089642	-0.008756	153.503947	-0.002835
-0.088987	-0.003155	82.440522	-0.002809
-0.105462	-0.005207	115.690469	-0.002701
-0.013375	-0.012879	211.235128	-0.002830
0.072486	-0.025581	285.677477	-0.002702
0.123419	-0.035598	300.641853	-0.002692
0.152987	-0.039502	333.251567	-0.002788
0.168114	-0.039495	368.853119	-0.002832
0.182128	-0.035584	378.285742	-0.002800
0.147006	-0.028595	351.716339	-0.002944
0.064960	-0.015819	314.827593	-0.002739
0.001049	0.004799	312.150402	-0.002601
-0.017827	0.030964	347.662710	-0.002623
-0.017349	0.057303	358.971870	-0.002704
-0.014806	0.087825	326.810896	-0.002387
-0.050012	0.125806	250.502290	-0.002126
-0.134491	0.163935	172.609052	0.000559
-0.235123	0.174236	126.876479	0.001731
-0.312670	0.138902	37.437533	0.001525
-0.430068	0.082920	-140.046816	0.001745
-0.618836	0.027672	-295.043312	0.001654
-0.724446	-0.024809	-234.167828	0.001606
-0.440345	-0.062046	186.010790	0.001747
0.257123	-0.073156	390.772828	0.001622
0.759761	-0.054918	367.427393	0.001616
0.692069	-0.020477	157.278659	0.001737
0.448035	0.020062	101.105441	0.001688
0.244471	0.051568	129.013295	0.001753
-0.012218	0.067258	119.290986	0.001594
-0.279727	0.065839	-62.922611	0.001403
-0.429360	0.052534	-112.293420	0.000973
-0.391085	0.028430	1.133793	0.000449
-0.177134	0.000896	159.835041	-0.000368
-0.027855	-0.025482	220.244382	-0.000618
0.040597	-0.040586	170.250653	-0.001104
0.170797	-0.042986	126.950214	-0.001396
0.315987	-0.036500	196.133722	-0.001719
0.340391	-0.028778	257.005639	-0.002264
0.237185	-0.019716	217.190624	-0.002543
0.037637	-0.011338	130.463789	-0.002873
-0.106998	-0.006816	86.745608	-0.002668
-0.089124	-0.010262	135.141156	-0.002721
0.007996	-0.019533	234.367378	-0.002692
0.080487	-0.032125	284.896347	-0.002821
0.123454	-0.040827	305.152446	-0.002750
0.146154	-0.044497	336.424549	-0.002678
0.164815	-0.044453	372.195741	-0.002730
0.173278	-0.039681	368.581907	-0.002787
0.130633	-0.030475	345.098039	-0.002625
0.053860	-0.016841	309.211144	-0.002790
0.001052	0.004529	318.237223	-0.002630
-0.020074	0.032356	343.579581	-0.002420
-0.024611	0.060706	349.893506	-0.002331
-0.029182	0.092108	309.643357	-0.002285
-0.063303	0.129849	240.810940	-0.001237
-0.145241	0.165172	147.971032	0.001148
-0.259878	0.162500	93.728572	0.001625
-0.358620	0.117167	1.511252	0.001668
-0.455926	0.062839	-163.347675	0.001650
-0.621769	0.009639	-307.268922	0.001569
-0.687433	-0.039394	-116.862508	0.001627
-0.268902	-0.069652	263.252999	0.001635
0.448576	-0.071069	398.442729	0.001728
0.754838	-0.048198	319.067998	0.001631
0.593525	-0.012143	108.197952	0.001671
0.374689	0.025810	107.380754	0.001540
0.167093	0.052666	143.973947	0.001661
-0.074470	0.063134	83.552275	0.001689
-0.315134	0.057955	-96.838684	0.001708
-0.444893	0.042286	-79.626724	0.001294
-0.336616	0.016724	40.846427	0.000476
-0.109497	-0.009467	199.145228	0.000157
-0.009184	-0.032524	210.800156	-0.000263
0.064193	-0.046008	145.146227	-0.000912
0.202759	-0.046577	131.426745	-0.001289
0.316627	-0.039656	215.254747	-0.001568
0.308872	-0.032367	239.790866	-0.001949
0.179852	-0.023891	211.565411	-0.002277
0.000679	-0.015787	122.021441	-0.002693
-0.079136	-0.012934	93.071878	-0.002731
-0.054636	-0.017182	158.810353	-0.002799
0.018114	-0.027520	248.691323	-0.002627
0.089449	-0.039069	288.685802	-0.002833
0.132017	-0.047083	312.147963	-0.002679
0.141042	-0.050343	334.254026	-0.002751
0.156426	-0.048604	365.508764	-0.002737
0.160631	-0.044275	368.951596	-0.002659
0.120749	-0.033712	342.797112	-0.002422
0.043111	-0.016802	306.910887	-0.002665
-0.014519	0.007177	325.397901	-0.002330
-0.026102	0.034318	339.292639	-0.002139
-0.020566	0.063367	343.319888	-0.001988
-0.044739	0.096447	286.443096	-0.002094
-0.101541	0.135697	212.830751	-0.000220
-0.190905	0.162633	129.054012	0.001719
-0.288211	0.144487	86.461812	0.001430
-0.371904	0.093955	-49.944183	0.001629
-0.501872	0.041793	-215.221306	0.001580
-0.679396	-0.010655	-291.792503	0.001596
-0.611510	-0.054924	16.210110	0.001731
-0.046601	-0.076825	337.090010	0.001698
0.594012	-0.069866	388.393629	0.001586
0.714991	-0.042251	242.795670	0.001497
0.508805	-0.005396	91.507865	0.001664
0.317859	0.030229	127.435054	0.001499
0.105954	0.051771	142.515865	0.001606
-0.155768	0.056269	26.192165	0.001627
-0.371554	0.047488	-114.468445	0.001710
-0.425167	0.028628	-40.546645	0.001174
-0.257611	0.003148	97.456732	0.000482
-0.069152	-0.022739	217.819731	0.000144
-0.001939	-0.044101	189.021507	-0.000439
0.093926	-0.052482	129.496632	-0.000701
0.242720	-0.049605	148.164299	-0.001061
0.318207	-0.042551	231.929434	-0.001585
0.273979	-0.035219	244.086955	-0.002010
0.133418	-0.026377	180.284960	-0.002292
-0.039089	-0.018682	94.743401	-0.002816
-0.103920	-0.017407	105.088048	-0.002703
-0.044863	-0.024486	186.431551	-0.002680
0.046071	-0.036237	267.340457	-0.002838
0.099321	-0.047956	281.048871	-0.002872
0.118923	-0.053076	298.298141	-0.002854
0.126987	-0.056056	337.042899	-0.002571
0.160476	-0.053556	377.693823	-0.002796
0.166727	-0.048157	354.883991	-0.002592
0.097463	-0.036164	316.987233	-0.002538
0.014906	-0.019783	295.864145	-0.002558
-0.005841	0.003707	332.711157	-0.002181
-0.004573	0.030924	345.287398	-0.002342
-0.016690	0.059222	329.070916	-0.001936
-0.049002	0.092225	266.925372	-0.001868
-0.096938	0.132818	208.671757	0.000136
-0.179998	0.153658	131.630502	0.001640
-0.282220	0.131104	82.281999	0.001522
-0.383483	0.080557	-81.318899	0.001702
-0.527771	0.028642	-245.485981	0.001524
-0.689995	-0.021654	-271.316006	0.001686
-0.551119	-0.064113	83.449953	0.001667
0.061140	-0.082782	350.734346	0.001870
0.640737	-0.072597	378.998345	0.001529
0.690199	-0.043638	201.854921	0.001380
0.477580	-0.005058	102.366402	0.001602
0.289151	0.027651	144.457975	0.001660
0.081050	0.046283	135.545958	0.001593
-0.183638	0.049654	-10.366980	0.001711
-0.394571	0.039696	-118.181983	0.001628
-0.417024	0.019146	-21.084868	0.000950
-0.228342	-0.006225	126.279763	0.000413
-0.057325	-0.032867	223.931098	-0.000060
0.010392	-0.051941	168.883502	-0.000576
0.116738	-0.057733	128.407061	-0.000896
0.262951	-0.054276	165.302383	-0.001269
0.329555	-0.047777	254.649684	-0.001779
0.271330	-0.039675	234.559289	-0.002002
0.101923	-0.030700	151.736837	-0.002441
-0.072675	-0.024959	89.990258	-0.002655
-0.095465	-0.024536	117.844504	-0.002778
-0.014755	-0.031881	208.949685	-0.002723
0.055581	-0.044279	265.752652	-0.002769
0.095159	-0.055047	274.785921	-0.002843
0.116073	-0.060484	297.762572	-0.002819
0.131358	-0.062986	351.843016	-0.002627
0.163781	-0.060934	370.072398	-0.002799
0.153017	-0.053627	351.034217	-0.002618
0.082186	-0.041579	312.097824	-0.002574
0.024229	-0.024176	304.371338	-0.002669
0.007107	0.001319	337.915906	-0.002364
-0.004296	0.027774	343.587864	-0.002295
-0.023125	0.056840	315.711127	-0.002099
-0.058536	0.091738	260.379388	-0.001858
-0.108547	0.129904	201.506013	0.000317
-0.188147	0.145567	130.538118	0.001721
-0.292152	0.117080	62.480455	0.001379
-0.403448	0.066328	-107.043358	0.001639
-0.552592	0.014848	-251.184864	0.001561
-0.679264	-0.035289	-230.651449	0.001572
-0.478158	-0.073663	127.358066	0.001695
0.145530	-0.087464	355.460908	0.001584
0.668069	-0.073938	364.530224	0.001556
0.676005	-0.043136	187.132297	0.001552
0.457572	-0.005740	108.817713	0.001740
0.256991	0.025860	136.482033	0.001667
0.032318	0.042023	115.960812	0.001535
-0.223041	0.043617	-24.886490	0.001650
-0.396664	0.031673	-101.509994	0.001417
-0.389879	0.010334	-0.390939	0.000640
-0.203399	-0.015392	135.515973	0.000133
-0.046876	-0.041374	214.122106	-0.000313
0.028246	-0.059143	166.098247	-0.000838
0.147114	-0.063255	133.602271	-0.001260
0.281212	-0.058754	168.557385	-0.001629
0.318992	-0.051510	255.005437	-0.001935
0.252338	-0.044097	229.879981	-0.002321
0.093358	-0.034953	153.777861	-0.002548
-0.071515	-0.029224	85.676265	-0.002734
-0.094030	-0.030470	121.500280	-0.002724
-0.011602	-0.038564	212.713197	-0.002647
0.066833	-0.050391	279.566980	-0.002754
0.108473	-0.060502	282.987098	-0.002674
0.122598	-0.065392	302.962973	-0.002719
0.135625	-0.066049	348.704909	-0.002790
0.169084	-0.062545	366.861537	-0.002625
0.152119	-0.055288	352.825017	-0.002804
0.079096	-0.043509	309.378964	-0.002752
0.020019	-0.025372	297.732204	-0.002733
-0.004230	0.000771	329.001578	-0.002632
-0.008808	0.029178	346.638837	-0.002542
-0.010177	0.058868	320.284347	-0.002434
-0.046442	0.094565	260.587850	-0.001853
-0.114387	0.132165	168.711929	0.000593
-0.219476	0.139321	93.242699	0.001833
-0.337948	0.103166	32.852652	0.001585
-0.434530	0.049765	-124.841917	0.001648
-0.569922	-0.002089	-266.151186	0.001814
-0.670424	-0.050099	-175.708375	0.001674
-0.368906	-0.083778	193.407644	0.001558
0.308727	-0.090843	380.164853	0.001527
0.725633	-0.071793	352.473284	0.001693
0.634553	-0.038496	149.263467	0.001612
0.408232	-0.001126	101.926140	0.001614
0.209104	0.027333	134.838428	0.001652
-0.015251	0.041014	102.683508	0.001648
-0.261229	0.038786	-57.095024	0.001532
-0.415175	0.025279	-84.149518	0.001022
-0.358534	0.002722	21.420166	0.000266
-0.146839	-0.023260	167.800640	-0.000333
-0.018032	-0.047478	210.126338	-0.000713
0.053020	-0.061462	155.792970	-0.001190
0.181238	-0.062416	134.134812	-0.001475
0.307310	-0.056765	199.741034	-0.001865
0.327391	-0.049660	251.816240	-0.002126
0.227878	-0.041408	207.378013	-0.002496
0.034024	-0.033278	122.680028	-0.002714
-0.100038	-0.028697	88.870019	-0.002641
-0.075470	-0.031876	146.052886	-0.002696
0.011857	-0.041157	234.288429	-0.002731
0.067597	-0.053074	269.127666	-0.002742
0.099662	-0.061541	281.080890	-0.002734
0.119306	-0.066664	309.748199	-0.002669
0.146937	-0.067401	359.357679	-0.002842
0.171249	-0.062907	357.118388	-0.002794
0.135119	-0.054336	335.601610	-0.002852
0.063574	-0.041744	294.792254	-0.002729
0.025091	-0.023914	307.058221	-0.002682
0.004415	0.001743	330.823005	-0.002675
-0.010710	0.029827	340.804106	-0.002649
-0.021701	0.060068	304.457980	-0.002609
-0.042522	0.095785	263.245682	-0.002044
-0.094262	0.131621	175.513700	0.000534
-0.202119	0.136932	103.520149	0.001687
-0.336627	0.099920	15.369325	0.001510
-0.441797	0.047622	-136.410575	0.001597
-0.574864	-0.002545	-271.724693	0.001563
-0.656664	-0.050748	-152.593541	0.001693
-0.337960	-0.082576	199.487415	0.001506
0.330857	-0.088825	370.472663	0.001687
0.713232	-0.069712	340.245764	0.001604
0.615882	-0.037233	148.643469	0.001646
0.396605	-0.000111	108.995462	0.001637
0.192993	0.027511	133.375310	0.001641
-0.029613	0.040662	92.516706	0.001591
-0.260408	0.038586	-60.200896	0.001103
-0.409352	0.025282	-74.380296	0.000602
-0.349279	0.002408	28.910038	-0.000158
-0.138194	-0.023135	169.099019	-0.000724
-0.011347	-0.047132	207.538962	-0.001075
0.064286	-0.058626	153.538174	-0.001553
0.193331	-0.058950	138.722632	-0.001886
0.312835	-0.053785	213.215669	-0.002313
0.327290	-0.045775	254.080462	-0.002483
0.209205	-0.037999	196.291698	-0.002757
0.000476	-0.030334	115.935087	-0.002788
-0.109474	-0.027292	87.922538	-0.002603
-0.058344	-0.030141	156.247340	-0.002696
0.020403	-0.040274	238.307547	-0.002747
0.062669	-0.051050	269.614095	-0.002791
0.098767	-0.059675	282.698605	-0.002728
0.123687	-0.064240	323.091986	-0.002759
0.152905	-0.063368	361.909243	-0.002786
0.170105	-0.059053	356.881217	-0.002709
0.126392	-0.050142	334.694344	-0.002815
0.065357	-0.035349	292.975441	-0.002828
0.030902	-0.016072	312.399657	-0.002732
0.003848	0.009759	333.439333	-0.002786
-0.009842	0.038798	335.996696	-0.002740
-0.024603	0.069471	294.779080	-0.002732
-0.057227	0.104945	245.684677	-0.002106
-0.114186	0.138101	156.197037	0.000620
-0.220641	0.136457	95.603363	0.001790
-0.348310	0.095018	-1.388307	0.001577
-0.452886	0.043308	-154.174841	0.001643
-0.592342	-0.006312	-279.583120	0.001640
-0.641409	-0.053343	-101.140014	0.001528
-0.246511	-0.081872	238.946281	0.001484
0.420137	-0.084098	372.602492	0.001568
0.710397	-0.062951	312.080585	0.001661
0.576403	-0.029682	124.212507	0.001608
0.374226	0.007658	115.862638	0.001649
0.166629	0.032299	134.301764	0.001550
-0.064557	0.042178	74.304174	0.001222
-0.288994	0.039105	-77.584685	0.000635
-0.413640	0.024494	-56.217310	0.000099
-0.318614	0.000585	47.078135	-0.000515
-0.108725	-0.025487	184.952625	-0.001119
-0.005237	-0.047347	197.488632	-0.001400
0.079505	-0.055947	147.230413	-0.001927
0.213945	-0.054910	146.182453	-0.002382
0.319101	-0.048824	228.405576	-0.002514
0.319837	-0.041500	246.960812	-0.002700
0.182274	-0.033723	178.729754	-0.002732
-0.035579	-0.026876	105.450743	-0.002683
-0.116385	-0.023785	96.746551	-0.002688
-0.045748	-0.028470	177.372697	-0.002698
0.031195	-0.038676	250.822873	-0.002882
0.071526	-0.050151	265.016803	-0.002604
0.098923	-0.057162	282.622059	-0.002723
0.119660	-0.060000	329.848175	-0.002720
0.160158	-0.059719	366.278014	-0.002668
0.171294	-0.055111	353.445291	-0.002783
0.112503	-0.045381	318.022543	-0.002643
0.048171	-0.032643	285.632919	-0.002637
0.022922	-0.012950	319.153785	-0.002634
0.006127	0.013699	339.753993	-0.002705
-0.005663	0.042942	340.490826	-0.002669
-0.021766	0.073847	289.843297	-0.002813
-0.049070	0.111377	240.269456	-0.002026
-0.112270	0.142575	148.546433	0.000564
-0.234099	0.136718	90.150625	0.001668
-0.369234	0.092983	-19.943837	0.001585
-0.473263	0.041940	-170.540688	0.001562
-0.605667	-0.008703	-277.790610	0.001736
-0.615097	-0.054214	-73.698701	0.001530
-0.185833	-0.081357	255.817875	0.001688
0.460612	-0.080589	378.147631	0.001702
0.713103	-0.058028	295.762903	0.001492
0.562760	-0.024175	122.115069	0.001627
0.351859	0.011462	115.613554	0.001627
0.146342	0.035154	130.634892	0.001235
-0.082801	0.044180	62.733867	0.000993
-0.304623	0.039041	-79.606589	0.000561
-0.411199	0.024105	-51.620089	-0.000159
-0.298664	-0.000501	60.871449	-0.000893
-0.094943	-0.027218	192.030780	-0.001389
0.006693	-0.047625	192.590442	-0.001763
