MBK	ACC	OVV	EGG
-0.084851	0.183798	193.651392	-0.000607
-0.224702	0.197920	77.836720	0.001525
-0.387682	0.149906	-15.134072	0.001518
-0.540527	0.079415	-206.559572	0.001572
-0.700688	0.012626	-382.646843	0.001574
-0.848351	-0.053550	-278.860759	0.001626
-0.529107	-0.100886	244.651966	0.001582
0.356496	-0.113726	448.669599	0.001631
0.918844	-0.091084	417.732478	0.001553
0.755143	-0.049099	129.499767	0.001627
0.474353	0.002301	54.732688	0.001742
0.233235	0.044392	135.895475	0.001731
-0.031308	0.064253	116.274044	0.001544
-0.300523	0.065926	-112.892236	0.001148
-0.532870	0.050593	-178.766051	0.000718
-0.524554	0.021661	-55.513701	0.000275
-0.236025	-0.008653	142.593700	-0.000202
-0.045385	-0.033174	239.809841	-0.000914
0.065828	-0.047597	153.073255	-0.001583
0.259763	-0.052998	118.808520	-0.002092
0.411478	-0.048681	182.841704	-0.002553
0.377889	-0.038825	205.491511	-0.002803
0.149369	-0.027481	160.698011	-0.002732
-0.111501	-0.018812	126.749054	-0.002771
-0.141320	-0.011581	86.767679	-0.002900
-0.022900	-0.010802	126.263323	-0.002716
0.019464	-0.021204	200.078536	-0.002642
0.046264	-0.037458	247.922654	-0.002732
0.112507	-0.050011	311.524501	-0.002852
0.157825	-0.056421	326.384439	-0.002692
0.182285	-0.059759	354.937724	-0.002726
0.208094	-0.056335	372.924535	-0.002725
0.216322	-0.047192	382.122790	-0.002700
0.149461	-0.030300	339.780421	-0.002881
0.032157	-0.006117	348.411304	-0.002803
-0.041737	0.027119	345.030206	-0.002715
-0.027508	0.066567	367.576794	-0.002794
0.000660	0.108032	324.277859	-0.002722
-0.025560	0.154509	268.372514	-0.002605
-0.126734	0.199645	147.970650	0.000284
-0.274485	0.195455	60.418082	0.001630
-0.436312	0.134593	-68.000575	0.001642
-0.572898	0.064140	-254.973743	0.001480
-0.753905	-0.003554	-412.751427	0.001587
-0.830910	-0.067575	-140.739068	0.001527
-0.309949	-0.106079	340.885530	0.001642
0.594804	-0.106619	467.922869	0.001701
0.929869	-0.076555	357.579354	0.001486
0.681939	-0.030336	68.313197	0.001563
0.416692	0.020346	76.270723	0.001669
0.158091	0.056193	143.838582	0.001613
-0.109607	0.071549	67.307082	0.001224
-0.377287	0.067616	-161.559594	0.000977
-0.563637	0.048113	-147.865316	0.000550
-0.448930	0.017034	-10.620655	0.000258
-0.161247	-0.012043	198.286319	-0.000336
-0.024016	-0.033801	224.545011	-0.001348
0.111557	-0.045023	138.725410	-0.001865
0.312367	-0.046806	132.174396	-0.002191
0.425317	-0.041506	196.804806	-0.002652
0.337801	-0.031330	194.105711	-0.002829
0.080083	-0.019702	153.715957	-0.002655
-0.145191	-0.011813	105.869801	-0.002792
-0.122337	-0.006622	102.281409	-0.002717
-0.000804	-0.009451	153.660006	-0.002718
0.041094	-0.021978	220.426367	-0.002754
0.069248	-0.037980	264.176279	-0.002622
0.132608	-0.049205	323.014614	-0.002661
0.173824	-0.054544	346.800947	-0.002730
0.202645	-0.054394	382.687785	-0.002708
0.230334	-0.050022	376.117034	-0.002729
0.208132	-0.037194	371.576956	-0.002760
0.106889	-0.017447	333.257092	-0.002715
0.000592	0.011956	360.770612	-0.002816
-0.051820	0.049052	359.027111	-0.002704
-0.032892	0.088715	360.885293	-0.002682
-0.021114	0.131131	288.929045	-0.002853
-0.070055	0.181784	225.009224	-0.001460
-0.194005	0.212268	96.651060	0.001390
-0.346150	0.179327	38.178045	0.001556
-0.482678	0.108100	-144.123622	0.001723
-0.622623	0.038856	-345.590213	0.001528
-0.825929	-0.028685	-381.737070	0.001632
-0.703418	-0.084534	101.561485	0.001592
0.086643	-0.108455	445.024794	0.001736
0.854930	-0.093869	485.484897	0.001619
0.861261	-0.055394	215.816663	0.001669
0.557486	-0.003839	21.611132	0.001640
0.316648	0.043712	118.850676	0.001579
0.061885	0.069959	152.195085	0.001501
-0.217281	0.075651	-33.047006	0.001215
-0.483652	0.064369	-199.216167	0.000667
-0.558292	0.038042	-102.994324	0.000512
-0.311880	0.006012	87.912161	-0.000052
-0.071272	-0.019983	253.195818	-0.000900
0.025690	-0.037136	186.451208	-0.001472
0.191685	-0.045385	117.453843	-0.001929
0.383000	-0.043066	157.601227	-0.002417
0.431053	-0.032386	211.773533	-0.002847
0.257164	-0.022193	181.772041	-0.002843
-0.026243	-0.012383	150.340358	-0.002743
-0.150301	-0.005136	91.331896	-0.002737
-0.075408	-0.002979	101.644093	-0.002694
-0.016315	-0.011657	183.720783	-0.002635
0.033031	-0.028362	245.028619	-0.002791
0.120663	-0.042646	314.235416	-0.002747
0.176371	-0.050686	334.007398	-0.002850
0.193741	-0.053544	359.398674	-0.002633
0.217657	-0.051595	381.260667	-0.002682
0.238330	-0.043289	393.213552	-0.002835
0.183719	-0.026838	351.529954	-0.002618
0.053755	-0.002404	342.185398	-0.002773
-0.050408	0.031001	350.095320	-0.002685
-0.059980	0.068753	367.275901	-0.002694
-0.032011	0.110567	337.790040	-0.002645
-0.048984	0.156596	264.686349	-0.002675
-0.137953	0.203309	162.296712	0.000044
-0.267986	0.206361	69.782333	0.001737
-0.405868	0.149363	-39.100934	0.001545
-0.544561	0.077282	-234.747151	0.001663
-0.718491	0.008721	-409.980263	0.001684
-0.824976	-0.056337	-208.235714	0.001696
-0.395781	-0.099817	312.216839	0.001572
0.502104	-0.105854	458.322869	0.001707
0.929891	-0.077080	395.901650	0.001705
0.716238	-0.032918	84.594703	0.001728
0.462356	0.019376	67.829435	0.001656
0.216459	0.058123	137.429602	0.001580
-0.068453	0.074855	97.201082	0.001422
-0.349787	0.072109	-152.773276	0.000989
-0.547229	0.054210	-158.472014	0.000808
-0.470917	0.022939	-33.560416	0.000211
-0.184614	-0.006649	184.302016	-0.000342
-0.045516	-0.029423	234.286886	-0.001095
0.070875	-0.042068	150.050568	-0.001738
0.274922	-0.045239	126.304214	-0.002208
0.425643	-0.039202	196.795271	-0.002700
0.379883	-0.029376	197.159163	-0.002737
0.147466	-0.018610	164.355485	-0.002649
-0.101271	-0.010163	117.875732	-0.002787
-0.129278	-0.004279	95.084976	-0.002670
-0.039289	-0.006356	142.748453	-0.002791
0.011097	-0.018857	221.514491	-0.002714
0.073499	-0.035338	264.204266	-0.002740
0.158371	-0.047136	329.915242	-0.002741
0.191928	-0.052704	350.565723	-0.002803
0.210138	-0.052455	386.196749	-0.002678
0.233330	-0.048212	379.570217	-0.002743
0.222107	-0.036114	385.270116	-0.002771
0.133051	-0.015456	335.641527	-0.002758
0.012366	0.014607	364.935201	-0.002611
-0.061072	0.050860	356.204811	-0.002718
-0.046627	0.090995	363.481138	-0.002717
-0.041835	0.134565	291.490408	-0.002906
-0.093337	0.184697	229.551174	-0.001579
-0.209539	0.216579	98.762134	0.001397
-0.349841	0.185682	45.112320	0.001629
-0.479784	0.114255	-139.881189	0.001697
-0.616520	0.044268	-343.404380	0.001577
-0.824081	-0.024783	-397.285118	0.001543
-0.708058	-0.083021	86.611798	0.001734
0.069722	-0.109120	435.009348	0.001595
0.844194	-0.094094	483.441465	0.001738
0.866788	-0.056101	217.074043	0.001758
0.582414	-0.004790	32.003960	0.001651
0.351272	0.043092	118.528496	0.001674
0.091825	0.070496	154.619312	0.001744
-0.212217	0.076733	-37.695656	0.001542
-0.485408	0.065764	-201.792848	0.000984
-0.557999	0.039540	-108.265473	0.000580
-0.317204	0.006424	84.879587	0.000096
-0.091063	-0.020565	248.021575	-0.000456
-0.005086	-0.037721	188.623488	-0.001269
0.155954	-0.044259	117.995131	-0.001816
0.362068	-0.043387	160.745638	-0.002204
0.435479	-0.035664	210.188063	-0.002714
0.284415	-0.024859	177.130343	-0.002819
-0.001979	-0.014379	122.699587	-0.002618
-0.157601	-0.007597	101.725970	-0.002668
-0.081223	-0.006197	123.522501	-0.002801
0.008750	-0.013551	191.584972	-0.002706
0.036417	-0.028985	235.438181	-0.002716
0.110111	-0.043350	296.705737	-0.002770
0.189360	-0.051152	341.721768	-0.002626
0.209865	-0.053555	382.745228	-0.002710
0.218451	-0.052336	381.944180	-0.002651
0.229796	-0.043981	378.279856	-0.002777
0.174495	-0.027589	350.697771	-0.002695
0.063867	-0.003046	349.850055	-0.002842
-0.039568	0.031151	369.853916	-0.002559
-0.067057	0.070430	369.100295	-0.002792
-0.043424	0.112467	323.666664	-0.002814
-0.059192	0.159727	256.533980	-0.002563
-0.159739	0.205951	153.975119	0.000428
-0.303149	0.205848	66.143030	0.001604
-0.441586	0.146127	-44.078462	0.001563
-0.557414	0.073949	-244.606522	0.001747
-0.723987	0.004514	-417.321042	0.001612
-0.814618	-0.060883	-179.509009	0.001655
-0.342635	-0.102933	329.878673	0.001486
0.549234	-0.106330	478.398636	0.001623
0.934455	-0.077088	382.749638	0.001602
0.712982	-0.031371	69.350551	0.001823
0.459331	0.020606	69.657721	0.001528
0.215070	0.057831	143.415884	0.001717
-0.067713	0.073422	89.063698	0.001464
-0.363837	0.070021	-161.288642	0.001088
-0.555993	0.050758	-158.980766	0.000905
-0.456502	0.019611	-27.393414	0.000353
-0.176961	-0.010385	196.591128	-0.000162
-0.050835	-0.033455	230.773875	-0.001056
0.061606	-0.045447	147.074170	-0.001580
0.258464	-0.049224	124.359973	-0.002078
0.410147	-0.042339	197.542425	-0.002407
0.371993	-0.031025	191.979916	-0.002786
0.146287	-0.019922	163.022379	-0.002728
-0.081097	-0.011901	123.879711	-0.002707
-0.096626	-0.005609	92.496977	-0.002799
-0.041647	-0.007620	137.429369	-0.002718
-0.022114	-0.021156	210.498114	-0.002647
0.064261	-0.038914	269.379310	-0.002731
0.180684	-0.049317	336.454956	-0.002807
0.212946	-0.055461	345.449580	-0.002749
0.208174	-0.056219	378.059911	-0.002874
0.226078	-0.051371	378.826500	-0.002566
0.230982	-0.038791	384.028030	-0.002761
0.145329	-0.017865	343.098341	-0.002776
0.013478	0.011407	366.214484	-0.002510
-0.058763	0.046942	352.555067	-0.002873
-0.042476	0.087509	362.635156	-0.002742
-0.045448	0.131301	287.656997	-0.002763
-0.109775	0.182538	236.739575	-0.001550
-0.222102	0.213518	117.616714	0.001477
-0.339739	0.184616	48.935551	0.001554
-0.482452	0.115885	-155.629798	0.001519
-0.646783	0.045776	-338.534877	0.001433
-0.821388	-0.023362	-382.452804	0.001556
-0.667649	-0.081037	77.204320	0.001653
0.066911	-0.107108	425.713789	0.001665
0.809732	-0.094488	448.886673	0.001546
0.867963	-0.056090	228.603765	0.001722
0.607875	-0.006159	50.055103	0.001657
0.379153	0.041125	122.347466	0.001641
0.104368	0.069811	141.102435	0.001616
-0.208790	0.076724	-32.683183	0.001592
-0.469050	0.065957	-198.566419	0.001273
-0.534387	0.039766	-100.659764	0.000601
-0.323110	0.007608	78.400753	0.000193
-0.107474	-0.019564	236.281791	-0.000323
-0.016207	-0.038206	186.046273	-0.000913
0.144605	-0.045455	121.116159	-0.001512
0.340785	-0.044722	160.108665	-0.002125
0.416751	-0.036685	210.664396	-0.002375
0.288668	-0.026265	177.359653	-0.002620
0.036945	-0.016091	130.851488	-0.002759
-0.111841	-0.008750	104.139196	-0.002785
-0.065907	-0.006139	117.078881	-0.002669
-0.004020	-0.014926	192.844754	-0.002780
0.037671	-0.029367	239.015467	-0.002655
0.125861	-0.043642	293.125782	-0.002655
0.192427	-0.051702	344.590130	-0.002795
0.212670	-0.054223	386.971518	-0.002709
0.234599	-0.050854	390.875534	-0.002661
0.241613	-0.041105	385.518922	-0.002672
0.184092	-0.023787	357.859746	-0.002631
0.081612	0.002235	351.914158	-0.002726
-0.022722	0.037405	369.406408	-0.002664
-0.061937	0.076475	359.123173	-0.002729
-0.052266	0.117617	319.838786	-0.002705
-0.072119	0.167221	252.227250	-0.002220
-0.160801	0.213279	153.641362	0.000805
-0.298948	0.207088	71.471704	0.001639
-0.431821	0.145633	-50.375029	0.001603
-0.560694	0.074447	-279.087321	0.001571
-0.753810	0.005519	-422.086244	0.001614
-0.813451	-0.059292	-137.426216	0.001605
-0.252976	-0.098343	373.143928	0.001681
0.639321	-0.099733	477.133368	0.001553
0.946414	-0.067918	354.335095	0.001617
0.700830	-0.021647	45.324106	0.001650
0.466911	0.029967	88.302562	0.001600
0.221999	0.065512	151.424226	0.001698
-0.070324	0.080071	74.478262	0.001610
-0.374285	0.074593	-180.019825	0.001347
-0.550607	0.053763	-150.911192	0.001102
-0.425874	0.020629	-6.722879	0.000754
-0.158652	-0.008811	214.638106	0.000127
-0.058995	-0.030789	220.869275	-0.000748
0.055831	-0.043353	139.200164	-0.001051
0.258896	-0.046686	128.209477	-0.001647
0.408355	-0.037569	208.864741	-0.002127
0.358785	-0.026674	196.732546	-0.002570
0.132354	-0.014808	176.739731	-0.002723
-0.061335	-0.007013	121.509545	-0.002635
-0.065393	-0.000787	85.618629	-0.002753
-0.044383	-0.006620	143.526796	-0.002677
-0.027335	-0.022124	221.726979	-0.002721
0.080492	-0.038301	287.961870	-0.002740
0.194991	-0.048044	345.969297	-0.002505
0.225854	-0.052879	363.840782	-0.002702
0.237811	-0.051318	397.104928	-0.002695
0.258508	-0.044068	393.771032	-0.002780
0.235620	-0.028557	374.638090	-0.002711
0.121852	-0.006371	340.272872	-0.002857
-0.005694	0.025896	368.286253	-0.002664
-0.060046	0.063913	358.529073	-0.002785
-0.046162	0.104919	355.584480	-0.002598
-0.057024	0.150656	275.414661	-0.002710
-0.123931	0.201507	200.149071	-0.000029
-0.256098	0.220163	90.764991	0.001588
-0.389925	0.173835	14.319611	0.001508
-0.522994	0.102067	-197.649775	0.001699
-0.688579	0.031832	-385.191242	0.001490
-0.843205	-0.036784	-317.181211	0.001620
-0.535612	-0.087906	226.647354	0.001598
0.331767	-0.103520	466.810788	0.001492
0.927293	-0.081001	441.567578	0.001592
0.804930	-0.038951	138.011397	0.001523
0.550768	0.013579	52.936472	0.001504
0.338717	0.056599	139.181347	0.001666
0.053791	0.078200	136.168952	0.001725
-0.273641	0.080508	-102.596201	0.001640
-0.521916	0.064243	-193.693081	0.001281
-0.510462	0.034079	-69.280300	0.000898
-0.242052	0.002593	143.717307	0.000412
-0.080077	-0.023159	250.897682	-0.000337
0.000765	-0.038369	168.492082	-0.000878
0.182505	-0.043199	119.250946	-0.001355
0.366694	-0.039441	182.275101	-0.002044
0.390309	-0.030153	213.544143	-0.002403
0.220771	-0.019542	173.310016	-0.002579
-0.018381	-0.009693	124.499019	-0.002787
-0.099666	-0.003535	102.923242	-0.002716
-0.040941	-0.003921	137.717408	-0.002767
-0.002075	-0.014808	215.499160	-0.002659
0.044997	-0.031549	252.702909	-0.002760
0.148221	-0.044519	312.846359	-0.002737
0.208538	-0.050335	357.047369	-0.002733
0.226421	-0.050976	403.240742	-0.002703
0.241329	-0.046361	392.469965	-0.002839
0.230819	-0.034376	385.860091	-0.002852
0.149778	-0.015005	339.565195	-0.002818
0.038607	0.014485	365.485070	-0.002769
-0.048791	0.052284	371.684529	-0.002769
-0.060901	0.091028	366.498844	-0.002713
-0.060093	0.132669	294.745415	-0.002830
-0.104868	0.183441	229.066770	-0.001299
-0.218055	0.220622	116.962852	0.001350
-0.357973	0.195785	68.626025	0.001578
-0.480155	0.126719	-95.335244	0.001615
-0.606507	0.057106	-319.287711	0.001693
-0.807936	-0.011972	-417.133991	0.001670
-0.746587	-0.071956	17.284933	0.001598
-0.025109	-0.100606	433.165674	0.001521
0.793587	-0.091262	501.068022	0.001627
0.894704	-0.054165	266.838889	0.001585
0.620253	-0.005182	18.208929	0.001637
0.406809	0.043591	111.481795	0.001549
0.162244	0.072754	162.790165	0.001559
-0.146940	0.080781	14.697379	0.001630
-0.449784	0.071462	-198.122871	0.001230
-0.559103	0.046536	-121.495201	0.000934
-0.349195	0.013824	52.253212	0.000536
-0.116534	-0.013670	251.430319	-0.000204
-0.047989	-0.033385	200.107807	-0.000980
0.087631	-0.042614	128.808489	-0.001579
0.288892	-0.043089	144.429536	-0.002111
0.393091	-0.033092	217.934712	-0.002439
0.289375	-0.022327	186.246149	-0.002679
0.052029	-0.012739	164.985348	-0.002743
-0.082304	-0.004980	111.130517	-0.002768
-0.047195	-0.000856	104.481185	-0.002723
-0.037597	-0.009345	170.908001	-0.002842
-0.013948	-0.025023	237.321562	-0.002740
0.106327	-0.040897	301.906426	-0.002719
0.205260	-0.049872	347.391085	-0.002747
0.219671	-0.052421	371.704790	-0.002859
0.222090	-0.049141	391.392497	-0.002714
0.232018	-0.041136	398.578913	-0.002603
0.200267	-0.024456	366.326080	-0.002623
0.088015	0.000383	342.896962	-0.002757
-0.036075	0.034043	365.628246	-0.002633
-0.067836	0.072580	365.238414	-0.002784
-0.037919	0.112548	345.046751	-0.002654
-0.061763	0.158205	263.685729	-0.002600
-0.161234	0.205883	164.846778	0.000256
-0.306782	0.211895	75.492739	0.001750
-0.436712	0.156469	-1.281163	0.001466
-0.545901	0.084210	-217.961261	0.001624
-0.717848	0.017429	-398.304158	0.001647
-0.843554	-0.048241	-242.048405	0.001600
-0.417821	-0.092469	308.041629	0.001573
0.481216	-0.098927	480.662947	0.001659
0.933325	-0.072275	411.082151	0.001636
0.728363	-0.028229	76.093229	0.001596
0.488280	0.023026	61.675720	0.001695
0.280847	0.062060	150.353395	0.001651
0.007136	0.079094	126.983800	0.001577
-0.316566	0.077039	-135.397604	0.001375
-0.545172	0.058576	-174.168670	0.001070
