MBK	ACC	OVV	EGG
0.143802	-0.039158	238.055522	-0.507142
0.084825	-0.002013	235.400662	-0.510583
0.066485	0.045745	270.355782	-0.512387
0.039341	0.096450	298.987940	-0.511264
-0.036003	0.145024	259.144709	-0.515136
-0.166213	0.195904	178.180678	-0.516357
-0.293503	0.255047	117.027622	-0.517169
-0.360435	0.330559	89.987731	-0.501178
-0.413179	0.404035	61.132543	-0.469590
-0.507863	0.424553	-12.653383	-0.450597
-0.625647	0.366600	-121.395713	-0.442522
-0.744345	0.256502	-212.437684	-0.438672
-0.767501	0.141139	-208.528562	-0.437441
-0.495104	0.038054	-71.755119	-0.441018
0.044025	-0.052528	115.395347	-0.441663
0.532620	-0.120137	202.282830	-0.445375
0.717816	-0.152013	153.349197	-0.449671
0.629101	-0.149404	63.148235	-0.452904
0.388177	-0.131665	2.622711	-0.455892
0.097982	-0.115206	-38.553353	-0.460220
-0.198831	-0.102982	-80.989243	-0.463278
-0.372189	-0.087633	-102.071615	-0.465425
-0.321775	-0.064835	-49.809787	-0.470198
-0.103806	-0.039579	57.549314	-0.472742
0.131808	-0.025239	135.744499	-0.478298
0.287166	-0.034925	135.179857	-0.484778
0.344172	-0.068423	93.641460	-0.486463
0.371723	-0.112002	73.390940	-0.487532
0.337813	-0.148201	97.172062	-0.491993
0.248412	-0.173733	146.440071	-0.492814
0.187416	-0.193937	182.255649	-0.493763
0.170780	-0.202274	195.691295	-0.495083
0.126424	-0.189767	189.479672	-0.494675
0.103540	-0.156597	197.523203	-0.495593
0.122761	-0.115075	237.651156	-0.499807
0.169878	-0.081147	261.256655	-0.499939
0.170264	-0.054731	250.358189	-0.502137
0.102267	-0.020082	235.042236	-0.506189
0.050161	0.027572	252.140643	-0.506240
0.050924	0.079921	290.242187	-0.507486
0.006341	0.132940	285.165853	-0.511057
-0.124122	0.187649	205.453958	-0.510745
-0.280982	0.243916	123.657075	-0.513012
-0.357503	0.310145	93.072366	-0.502385
-0.397156	0.381205	70.406690	-0.469952
-0.483373	0.424432	15.678472	-0.449953
-0.608227	0.391029	-79.907111	-0.438788
-0.706629	0.289001	-186.589740	-0.432117
-0.779154	0.167838	-226.041232	-0.432276
-0.627943	0.060159	-135.478666	-0.434254
-0.141357	-0.026110	60.312013	-0.435242
0.412715	-0.097250	201.906601	-0.438591
0.722144	-0.144116	188.174153	-0.443303
0.686928	-0.155426	82.532971	-0.446099
0.441055	-0.138664	-2.145269	-0.450493
0.156243	-0.119899	-34.720472	-0.453947
-0.102026	-0.108524	-55.929161	-0.456428
-0.318815	-0.097112	-85.709042	-0.462968
-0.352625	-0.076454	-75.202137	-0.466116
-0.168821	-0.049651	19.760464	-0.468570
0.077544	-0.030973	119.264492	-0.476064
0.257170	-0.034186	140.493639	-0.482114
0.324710	-0.062922	102.938939	-0.482484
0.350689	-0.105625	67.673735	-0.487382
0.353996	-0.145532	83.137067	-0.490122
0.289100	-0.173025	136.457626	-0.491155
0.209149	-0.192484	182.410715	-0.493268
0.172050	-0.204220	194.412767	-0.494022
0.140638	-0.199098	189.126917	-0.492506
0.098513	-0.169979	187.412358	-0.496988
0.100686	-0.128311	213.604514	-0.498672
0.132825	-0.092828	254.635022	-0.498973
0.165482	-0.066102	256.671766	-0.503105
0.133442	-0.035086	239.576882	-0.504101
0.061502	0.008013	243.797654	-0.505461
0.042502	0.054939	272.660601	-0.508529
0.022491	0.105527	287.634607	-0.510220
-0.078055	0.162175	234.279001	-0.509491
-0.203262	0.227715	155.426833	-0.513668
-0.303395	0.297142	106.261360	-0.504277
-0.375280	0.371983	68.041506	-0.475056
-0.496756	0.423344	1.487498	-0.452110
-0.646868	0.402656	-81.947672	-0.439118
-0.737168	0.307228	-172.180426	-0.432805
-0.773947	0.181726	-215.955333	-0.432663
-0.645262	0.072724	-140.345861	-0.432563
-0.203412	-0.020074	29.604996	-0.433609
0.370242	-0.089872	194.750448	-0.439092
0.712653	-0.136266	211.484343	-0.441810
0.742309	-0.151580	103.544546	-0.445453
0.479859	-0.140185	1.223245	-0.450846
0.167756	-0.121543	-54.422860	-0.453334
-0.090580	-0.108187	-62.731473	-0.455876
-0.315286	-0.096836	-75.533021	-0.460086
-0.369637	-0.080335	-70.494998	-0.461119
-0.208525	-0.058209	4.214053	-0.465145
0.044904	-0.036896	102.459568	-0.473370
0.255915	-0.031331	144.518629	-0.477401
0.357939	-0.052815	119.650578	-0.481828
0.370601	-0.094391	80.788409	-0.487188
0.348939	-0.139304	63.638303	-0.488147
0.268961	-0.170577	104.834516	-0.491579
0.174487	-0.190385	160.998221	-0.492812
0.155618	-0.200153	193.607976	-0.490391
0.136479	-0.198363	203.372152	-0.492073
0.111496	-0.176586	187.814803	-0.495295
0.110890	-0.140118	202.678582	-0.495628
0.130836	-0.105018	240.800941	-0.498164
0.170789	-0.079445	258.267949	-0.501362
0.158195	-0.054296	249.672414	-0.500395
0.098000	-0.013343	246.363720	-0.504457
0.066169	0.038572	271.647402	-0.506943
0.058470	0.094024	293.588198	-0.506841
-0.039029	0.150614	256.975265	-0.508928
-0.198975	0.210463	161.627070	-0.510987
-0.332314	0.280079	96.119564	-0.502532
-0.404826	0.362097	70.137740	-0.480029
-0.445362	0.428760	35.351829	-0.454030
-0.549823	0.426809	-32.255196	-0.436586
-0.687387	0.339513	-152.496338	-0.431194
-0.815146	0.211043	-248.948067	-0.429639
-0.771363	0.097508	-199.414724	-0.427630
-0.344167	0.004429	-2.608042	-0.432225
0.300683	-0.076401	198.452081	-0.436185
0.701701	-0.133807	227.481856	-0.438101
0.735632	-0.156533	106.757682	-0.444198
0.542111	-0.147608	1.068157	-0.447252
0.260432	-0.128479	-29.549783	-0.450124
-0.007637	-0.114887	-41.575904	-0.454801
-0.271536	-0.103394	-76.582730	-0.457449
-0.403648	-0.084305	-95.379376	-0.458514
-0.264969	-0.058717	-27.089131	-0.465057
0.010507	-0.035442	98.746487	-0.468439
0.204988	-0.026973	149.615916	-0.473952
0.305211	-0.040757	113.359080	-0.480980
0.361660	-0.079330	72.621056	-0.485396
0.388203	-0.128169	67.241180	-0.487523
0.320352	-0.165475	100.983733	-0.491975
0.176846	-0.190196	147.438139	-0.493618
0.129661	-0.207005	180.160849	-0.493032
0.161990	-0.208067	198.585176	-0.494984
0.149904	-0.185336	199.798624	-0.495220
0.116894	-0.143552	202.508486	-0.494976
0.124261	-0.105310	225.653466	-0.499372
0.147481	-0.082111	245.023748	-0.499389
0.139519	-0.059069	233.004432	-0.503132
0.081398	-0.021238	231.680694	-0.506569
0.047979	0.030706	263.682232	-0.506333
0.080510	0.082542	301.896998	-0.507035
0.040371	0.132840	285.279361	-0.510409
-0.139951	0.190065	182.510111	-0.509564
-0.314684	0.256733	96.045735	-0.507699
-0.390656	0.333282	79.634539	-0.490013
-0.397751	0.405906	61.859761	-0.460620
-0.496524	0.423583	-6.182153	-0.443420
-0.646716	0.366524	-120.759802	-0.436723
-0.782886	0.246574	-226.688816	-0.431114
-0.781710	0.127261	-220.611158	-0.432016
-0.528157	0.028741	-77.529153	-0.435071
0.061527	-0.051745	131.343061	-0.434962
0.599872	-0.115550	237.896990	-0.438756
0.800608	-0.147750	167.960298	-0.444366
0.645471	-0.145091	45.758492	-0.446572
0.357435	-0.126887	-27.006006	-0.450932
0.053632	-0.110703	-46.667449	-0.453498
-0.214135	-0.101600	-71.384627	-0.454890
-0.376082	-0.089149	-95.927634	-0.459137
-0.342411	-0.067109	-58.369189	-0.463222
-0.115645	-0.042271	51.325836	-0.465259
0.159353	-0.028524	148.150874	-0.472955
0.310155	-0.035782	147.066620	-0.478999
0.363569	-0.065942	90.384836	-0.482173
0.373894	-0.112721	57.755664	-0.486485
0.331247	-0.153494	78.419990	-0.490008
0.207553	-0.182049	126.946331	-0.491014
0.129627	-0.200560	172.001289	-0.494234
0.126939	-0.206884	198.844707	-0.495127
0.150353	-0.194439	196.193642	-0.495837
0.123779	-0.159951	199.150618	-0.497019
0.126565	-0.119283	219.034399	-0.498681
0.155836	-0.089664	244.569669	-0.498914
0.159479	-0.066579	248.317389	-0.502580
0.119701	-0.035231	235.405510	-0.504542
0.077368	0.014605	251.478064	-0.504101
0.056359	0.069136	284.731693	-0.506297
0.038524	0.123395	285.944612	-0.509203
-0.101968	0.183644	215.272027	-0.506563
-0.280655	0.255243	123.273512	-0.509817
-0.388562	0.334530	78.959286	-0.491810
-0.425282	0.408657	53.616392	-0.462299
-0.510946	0.437960	-6.137990	-0.444666
-0.634625	0.392381	-108.598685	-0.434084
-0.761779	0.279615	-205.919776	-0.429002
-0.774461	0.152037	-223.403676	-0.430906
-0.550113	0.047079	-107.649987	-0.432812
-0.038479	-0.038677	94.052385	-0.434534
0.524703	-0.105094	224.367692	-0.439963
0.794540	-0.144290	191.092545	-0.443496
0.681457	-0.147532	66.778248	-0.446069
0.395066	-0.130002	-26.598644	-0.451349
0.098508	-0.112021	-50.228915	-0.453456
-0.178782	-0.102203	-62.909919	-0.456603
-0.360465	-0.089438	-88.190413	-0.461976
-0.359250	-0.066057	-64.637129	-0.463705
-0.160214	-0.039085	31.267821	-0.465884
0.123940	-0.022961	128.949135	-0.473354
0.291533	-0.025301	148.149240	-0.478078
0.336687	-0.051621	98.317678	-0.483246
0.366666	-0.098395	59.995343	-0.488166
0.343629	-0.145974	74.756164	-0.489539
0.229894	-0.177208	114.053395	-0.492406
0.134568	-0.195212	159.456430	-0.496731
0.128578	-0.201732	200.047137	-0.494499
0.156401	-0.192617	204.323306	-0.496114
0.139016	-0.162869	196.099091	-0.499079
0.101774	-0.122274	203.918251	-0.498917
0.125568	-0.090359	226.363132	-0.501265
0.158232	-0.068756	247.254014	-0.504477
0.135456	-0.041048	245.039162	-0.504883
0.086177	0.005228	249.610414	-0.508535
0.071943	0.061943	281.775648	-0.510648
0.064799	0.117155	294.433810	-0.510131
-0.047036	0.175322	232.802893	-0.512247
-0.260817	0.244525	133.025192	-0.512247
-0.405019	0.321971	75.828433	-0.497677
-0.419857	0.396906	61.237999	-0.468362
-0.473178	0.434732	10.197843	-0.448850
-0.635396	0.404207	-99.386322	-0.435579
-0.769890	0.304843	-201.376201	-0.432871
-0.768558	0.176698	-218.280462	-0.433008
-0.560914	0.065437	-115.075021	-0.432631
-0.116764	-0.022769	61.490551	-0.437212
0.426370	-0.091358	201.311264	-0.441711
0.746341	-0.134930	196.596231	-0.443547
0.721730	-0.144141	92.044050	-0.449987
0.448488	-0.129590	-7.081619	-0.453429
0.127462	-0.112461	-55.256144	-0.455296
-0.164719	-0.100049	-72.874054	-0.461018
-0.355663	-0.087835	-88.301539	-0.462917
-0.359100	-0.067114	-61.270447	-0.463274
-0.184563	-0.042014	22.222783	-0.469920
0.077395	-0.022745	113.052233	-0.474192
0.275111	-0.022009	142.250218	-0.479786
0.355399	-0.045260	103.750719	-0.487314
0.366061	-0.088180	66.450349	-0.490928
0.337238	-0.134960	66.211289	-0.491945
0.239620	-0.168939	103.774647	-0.497961
0.137357	-0.189075	148.574610	-0.498436
0.119780	-0.198126	187.053013	-0.497620
0.132828	-0.191492	200.461478	-0.500550
0.123194	-0.169114	193.038518	-0.499903
0.115788	-0.134238	202.799839	-0.501206
0.142726	-0.101015	225.172021	-0.504843
0.173686	-0.072730	245.342625	-0.504488
0.166042	-0.042017	248.739303	-0.508027
0.123369	-0.000237	250.395862	-0.512078
0.072771	0.051587	267.402555	-0.512401
0.032494	0.105413	272.491583	-0.514000
-0.070996	0.162446	234.764197	-0.517862
-0.230721	0.226343	156.927680	-0.515379
-0.356348	0.295733	98.653245	-0.504853
-0.402889	0.378464	72.966992	-0.476658
-0.449957	0.437457	26.285743	-0.452853
-0.554439	0.422048	-57.848476	-0.439000
-0.705033	0.325892	-182.354820	-0.435239
-0.835573	0.199270	-255.196092	-0.431770
-0.718095	0.089577	-173.593555	-0.433832
-0.230523	-0.004136	35.784291	-0.437760
0.396662	-0.077474	220.412228	-0.438967
0.734437	-0.126851	216.907203	-0.443248
0.741892	-0.140821	100.246873	-0.448488
0.503486	-0.130072	2.199094	-0.450035
0.218520	-0.111319	-41.944032	-0.454626
-0.103303	-0.097570	-60.308723	-0.459045
-0.354057	-0.086919	-93.295094	-0.460285
-0.400744	-0.070318	-82.779389	-0.464142
-0.226273	-0.047352	1.084000	-0.468825
0.033817	-0.024638	106.202854	-0.470324
0.229855	-0.019223	143.626853	-0.478188
0.335672	-0.038149	113.026760	-0.484683
0.388412	-0.079731	74.584310	-0.486707
0.384562	-0.125779	64.274478	-0.490838
0.269758	-0.159226	99.773278	-0.495409
0.147158	-0.181842	142.466128	-0.494028
0.119681	-0.196501	179.232867	-0.498162
0.116185	-0.195620	190.876122	-0.499937
0.109771	-0.172184	183.903275	-0.500965
0.104864	-0.135701	205.890546	-0.501594
0.150229	-0.102230	230.639223	-0.504457
0.181938	-0.077897	244.196004	-0.504928
0.164168	-0.049620	237.573643	-0.509286
0.118358	-0.008738	241.355666	-0.510907
0.098423	0.043442	271.789642	-0.511663
0.076388	0.097616	287.874664	-0.515155
-0.029475	0.154346	246.640549	-0.515723
-0.214724	0.221162	160.820111	-0.511961
-0.356591	0.299624	99.622690	-0.507036
-0.409156	0.380888	77.019132	-0.480256
-0.446862	0.439521	26.475543	-0.453802
-0.602708	0.428693	-76.369723	-0.442712
-0.750352	0.344632	-186.375523	-0.435492
-0.807339	0.216936	-236.529681	-0.431207
-0.657899	0.096926	-159.210035	-0.435717
-0.266448	-0.000822	10.178662	-0.437175
0.319648	-0.077707	178.510980	-0.440481
0.723817	-0.126987	227.606180	-0.446664
0.795117	-0.144871	134.216245	-0.450695
0.569042	-0.135356	23.599216	-0.450646
0.212356	-0.116978	-50.897867	-0.458659
-0.100001	-0.101002	-80.125017	-0.458757
-0.334531	-0.087038	-87.751507	-0.460785
-0.396027	-0.068707	-73.317748	-0.467112
-0.261915	-0.044352	-5.190552	-0.469894
-0.011610	-0.022439	87.916616	-0.473243
0.224331	-0.014448	140.724533	-0.483304
0.360358	-0.028682	118.932585	-0.485844
0.393069	-0.066014	79.911944	-0.489731
0.366441	-0.116819	61.355362	-0.495910
0.289709	-0.159855	82.496266	-0.495829
0.151999	-0.185170	131.874283	-0.498416
0.103301	-0.196722	172.494454	-0.501615
0.123022	-0.194682	205.488672	-0.501753
0.135477	-0.173789	202.400006	-0.502432
0.123105	-0.138960	194.434146	-0.505320
0.129609	-0.104042	209.708552	-0.505657
0.151790	-0.077893	228.504278	-0.507584
0.154697	-0.052126	240.580544	-0.512613
0.132578	-0.015801	248.793558	-0.513027
0.104542	0.033740	267.999430	-0.515609
0.078427	0.087706	283.376870	-0.519714
0.004541	0.142272	261.622633	-0.519966
-0.160231	0.204719	188.100443	-0.517540
-0.325580	0.281068	108.826073	-0.514511
-0.415608	0.365292	75.372478	-0.487468
-0.442595	0.428379	39.090493	-0.461989
-0.535215	0.431144	-44.804990	-0.448541
-0.705600	0.364402	-161.954273	-0.437639
-0.827308	0.249196	-238.903117	-0.437351
-0.730249	0.129307	-185.677175	-0.439883
-0.350309	0.029303	-19.399170	-0.439736
0.204363	-0.053803	154.175703	-0.443644
0.644309	-0.110727	216.181504	-0.447934
0.762098	-0.135282	144.643270	-0.448064
0.600523	-0.131998	41.839570	-0.453880
0.298809	-0.116150	-29.779996	-0.456891
-0.032315	-0.101759	-69.875547	-0.457721
-0.302682	-0.090373	-91.568605	-0.463304
-0.395375	-0.074797	-85.963482	-0.467154
-0.291025	-0.050913	-22.570160	-0.466723
-0.071879	-0.027268	71.215366	-0.473882
0.182041	-0.016152	135.100339	-0.478769
0.345202	-0.026051	129.952402	-0.483547
0.397432	-0.056970	84.649141	-0.490412
0.380031	-0.102017	61.891662	-0.493016
0.292789	-0.145124	79.501512	-0.493325
0.162487	-0.175064	118.559145	-0.499586
0.091891	-0.192830	157.897854	-0.501495
0.097897	-0.194350	190.244603	-0.500274
0.108178	-0.177848	195.996958	-0.502540
0.123250	-0.147005	199.264072	-0.504732
0.151884	-0.110925	218.958569	-0.503568
0.178307	-0.082456	229.736722	-0.509013
0.165614	-0.058740	236.158560	-0.512354
0.134947	-0.029539	240.725380	-0.512964
0.106014	0.014804	260.348384	-0.516714
0.076002	0.068379	282.191461	-0.517485
0.020039	0.124932	273.691206	-0.519673
-0.109731	0.187209	216.968545	-0.520211
-0.270803	0.258406	135.859447	-0.516564
-0.387971	0.341430	83.316265	-0.497547
-0.451221	0.421202	44.378629	-0.472198
-0.521607	0.451126	-19.965245	-0.452669
-0.648431	0.400067	-119.868005	-0.440255
-0.782742	0.286493	-219.787056	-0.440821
-0.799863	0.160493	-226.227157	-0.438712
-0.520032	0.055185	-89.166848	-0.438842
0.041215	-0.030646	116.131011	-0.444703
0.577000	-0.096302	231.732813	-0.447932
0.787074	-0.132001	182.091001	-0.451085
0.658438	-0.134629	58.472245	-0.458579
0.372380	-0.118814	-26.152652	-0.458695
0.055873	-0.104141	-59.083431	-0.461287
-0.237018	-0.092565	-79.837580	-0.466719
-0.416007	-0.078872	-93.656709	-0.468207
-0.346896	-0.057590	-50.923755	-0.469220
-0.119087	-0.033464	46.959193	-0.476310
0.131771	-0.016171	125.754987	-0.479573
0.297530	-0.018475	136.821874	-0.486856
0.381082	-0.045429	98.474914	-0.492080
0.402341	-0.090486	65.477198	-0.493803
0.344111	-0.135377	71.732000	-0.498163
0.199159	-0.167038	107.891597	-0.503168
0.092510	-0.186152	150.306326	-0.503744
0.087957	-0.192380	186.991201	-0.506722
0.117540	-0.180412	198.680952	-0.508364
0.113253	-0.152416	192.651748	-0.506624
0.116697	-0.117520	203.764118	-0.508882
0.148677	-0.087899	221.428447	-0.512658
0.167621	-0.064385	234.345935	-0.512929
0.138439	-0.036405	239.968666	-0.517493
