MBK	ACC	OVV	EGG
-0.072313	0.048638	178.133644	-0.523360
-0.056702	0.125585	173.270662	-0.522513
-0.059383	0.203832	169.563150	-0.524666
-0.061721	0.281391	161.477640	-0.505527
-0.102129	0.353801	145.106958	-0.472981
-0.147522	0.386670	118.926219	-0.461550
-0.213623	0.334401	88.411378	-0.456302
-0.308031	0.226865	40.788153	-0.452554
-0.393258	0.127920	2.692925	-0.451742
-0.423463	0.058758	-20.393025	-0.455726
-0.451379	-0.006345	-56.324662	-0.455831
-0.426312	-0.059056	-65.988703	-0.460909
-0.372878	-0.083909	-88.680843	-0.467129
-0.267447	-0.074430	-91.912857	-0.467940
-0.195722	-0.052942	-83.445341	-0.469710
-0.036274	-0.030000	-87.456223	-0.474745
0.068476	-0.015655	-48.491240	-0.472169
0.177289	-0.007414	-44.460904	-0.474322
0.306378	0.004068	-10.486677	-0.478264
0.351237	0.012280	28.869622	-0.478359
0.429371	0.001635	46.911207	-0.483176
0.440106	-0.033255	85.205639	-0.488356
0.442955	-0.081319	106.118651	-0.486157
0.410857	-0.125370	128.403468	-0.488001
0.382182	-0.155551	145.841220	-0.491445
0.309690	-0.178965	170.587430	-0.490102
0.251478	-0.197376	169.813098	-0.493813
0.185753	-0.203938	178.121184	-0.495673
0.090341	-0.196470	180.265232	-0.496388
0.050863	-0.181796	164.353508	-0.500702
-0.020746	-0.168356	177.874130	-0.503913
-0.067125	-0.157145	163.633137	-0.506909
-0.074783	-0.139791	161.788852	-0.511323
-0.105985	-0.104388	171.860708	-0.515715
-0.089437	-0.046495	165.232301	-0.514930
-0.079245	0.026663	178.657154	-0.520285
-0.065165	0.104070	178.543314	-0.521672
-0.065225	0.182521	171.569971	-0.522265
-0.059143	0.264389	167.332385	-0.509849
-0.099526	0.343670	151.530146	-0.476727
-0.130896	0.388038	126.194935	-0.460605
-0.205652	0.350259	97.895814	-0.455101
-0.285601	0.250174	51.504703	-0.450922
-0.383347	0.143756	8.949549	-0.448490
-0.414731	0.063760	-14.039949	-0.453020
-0.455923	-0.003607	-45.496335	-0.454238
-0.425678	-0.055584	-65.408541	-0.456926
-0.390438	-0.081165	-78.741760	-0.461858
-0.286951	-0.077234	-94.009093	-0.464660
-0.208155	-0.057361	-81.705548	-0.466301
-0.073069	-0.034688	-86.550239	-0.469960
0.054578	-0.017462	-58.004039	-0.472554
0.150752	-0.008264	-41.692857	-0.471352
0.283838	0.001237	-17.905475	-0.474983
0.338648	0.008438	20.567038	-0.476551
0.412907	0.003112	44.736761	-0.479125
0.431122	-0.024933	77.120108	-0.484900
0.443559	-0.071096	100.049888	-0.484421
0.407130	-0.117266	122.816467	-0.485162
0.384987	-0.151671	141.348686	-0.490390
0.318956	-0.176812	164.819331	-0.489325
0.256713	-0.196737	168.878525	-0.489626
0.194860	-0.205796	172.694885	-0.494608
0.109933	-0.199882	180.195639	-0.494479
0.053844	-0.186107	167.066853	-0.497328
-0.001642	-0.171596	171.670726	-0.503107
-0.057242	-0.160444	166.668930	-0.504170
-0.070730	-0.145275	161.248359	-0.508332
-0.095210	-0.112706	169.741817	-0.513900
-0.086926	-0.057090	167.620765	-0.514838
-0.078160	0.014084	174.926414	-0.516967
-0.058357	0.090443	179.239470	-0.519895
-0.064555	0.168821	173.366671	-0.522903
-0.055404	0.244954	165.873464	-0.514291
-0.091319	0.318553	153.371368	-0.481578
-0.126669	0.372133	130.627883	-0.462179
-0.189372	0.354820	103.187353	-0.455590
-0.267256	0.267439	61.763887	-0.451908
-0.362970	0.162585	17.957638	-0.448998
-0.407896	0.080044	-8.645784	-0.450671
-0.439209	0.011617	-38.765059	-0.454500
-0.433806	-0.043737	-59.990859	-0.456219
-0.391900	-0.075353	-76.163429	-0.461761
-0.308303	-0.077766	-91.076769	-0.467031
-0.223111	-0.061093	-85.103138	-0.467231
-0.107483	-0.039555	-86.429553	-0.470221
0.030637	-0.021817	-63.111269	-0.473258
0.121332	-0.013823	-45.217883	-0.471753
0.254563	-0.006113	-25.964887	-0.475182
0.321511	0.002966	13.251494	-0.478259
0.394176	0.001711	38.253278	-0.480041
0.424888	-0.020908	70.617198	-0.484560
0.440744	-0.061402	96.138717	-0.485291
0.415350	-0.106956	120.725137	-0.485185
0.390456	-0.142716	135.613198	-0.489512
0.337841	-0.169135	160.114177	-0.491278
0.269556	-0.192430	170.135755	-0.490912
0.215921	-0.206888	170.451138	-0.494888
0.128873	-0.204368	179.688700	-0.496049
0.071384	-0.188740	170.326282	-0.498245
0.016956	-0.171850	172.396859	-0.503770
-0.041456	-0.159011	169.746914	-0.505803
-0.064012	-0.146626	161.060467	-0.506766
-0.085452	-0.122224	168.149789	-0.511838
-0.092451	-0.073285	168.319886	-0.514263
-0.078662	-0.005516	174.510846	-0.514574
-0.065695	0.068904	176.450473	-0.519400
-0.063841	0.145055	174.053013	-0.519944
-0.062304	0.222314	167.478667	-0.517206
-0.079918	0.301443	157.018857	-0.488794
-0.122262	0.368395	137.197968	-0.464950
-0.170820	0.373976	110.737473	-0.453701
-0.248851	0.301271	75.426946	-0.451036
-0.339405	0.193873	27.264012	-0.448502
-0.404528	0.100288	-5.099018	-0.447812
-0.432050	0.025485	-30.491297	-0.453655
-0.444279	-0.037004	-59.038476	-0.454292
-0.404840	-0.073843	-71.616819	-0.457882
-0.333065	-0.082563	-88.355786	-0.463212
-0.237047	-0.069201	-89.581138	-0.465262
-0.141045	-0.047592	-84.158209	-0.466332
0.007220	-0.024248	-72.012118	-0.470957
0.105808	-0.011459	-44.934286	-0.469159
0.224265	-0.004418	-31.948397	-0.470401
0.320891	0.003448	3.171608	-0.475002
0.379664	0.005961	36.075205	-0.476706
0.424667	-0.011420	60.616566	-0.479642
0.442790	-0.049646	89.734634	-0.483791
0.422365	-0.098213	114.849073	-0.482712
0.398654	-0.137695	134.359243	-0.485522
0.352012	-0.164494	154.612827	-0.488544
0.289094	-0.184785	172.492230	-0.488184
0.223949	-0.199476	170.436809	-0.489795
0.157408	-0.199827	178.169111	-0.493770
0.073682	-0.188304	175.793238	-0.495219
0.031052	-0.173700	166.708388	-0.497941
-0.035262	-0.160760	172.092035	-0.503757
-0.070822	-0.148467	160.485671	-0.505074
-0.082498	-0.126745	163.669692	-0.508419
-0.100941	-0.084855	167.601437	-0.513788
-0.086516	-0.020920	166.483713	-0.513132
-0.071769	0.054372	177.564276	-0.517812
-0.063944	0.132932	174.423233	-0.520147
-0.062805	0.210411	166.507962	-0.519724
-0.070481	0.286854	159.141676	-0.496032
-0.108232	0.356552	142.023891	-0.468247
-0.156425	0.378261	115.292530	-0.457411
-0.220985	0.318162	81.584833	-0.450474
-0.316098	0.213681	34.785509	-0.450453
-0.389018	0.120943	0.364088	-0.447836
-0.412988	0.049531	-23.404491	-0.451337
-0.443102	-0.016517	-56.395761	-0.454478
-0.403216	-0.060981	-68.543404	-0.458395
-0.355479	-0.076992	-86.547989	-0.463931
-0.247093	-0.066555	-90.002897	-0.467651
-0.181375	-0.049154	-84.967606	-0.467572
-0.016265	-0.028904	-80.800601	-0.472044
0.066412	-0.014802	-49.199026	-0.472926
0.194000	-0.005695	-44.723061	-0.471930
0.292296	0.003301	-4.504572	-0.476000
0.350551	0.007668	23.487459	-0.478000
0.414394	-0.004441	51.335913	-0.479733
0.423708	-0.038553	82.374717	-0.483938
0.431369	-0.084059	103.175576	-0.484540
0.391362	-0.124536	127.591442	-0.484904
0.373510	-0.153098	143.630701	-0.489554
0.296367	-0.176162	167.632598	-0.490059
0.247520	-0.193676	165.218598	-0.488165
0.177034	-0.197362	177.118275	-0.494094
0.094493	-0.187358	176.807985	-0.494763
0.052187	-0.172034	165.141750	-0.498233
-0.017185	-0.158706	174.083306	-0.502841
-0.053247	-0.147000	161.410858	-0.506228
-0.074480	-0.129988	164.576255	-0.508106
-0.092088	-0.095038	166.359869	-0.513676
-0.085801	-0.036683	168.035927	-0.515275
-0.073331	0.037766	178.309666	-0.517700
-0.061684	0.115748	175.117517	-0.520289
-0.064090	0.194942	171.033928	-0.522215
-0.062695	0.271673	163.183271	-0.508327
-0.100220	0.347073	149.161251	-0.476354
-0.138117	0.391368	124.115821	-0.462391
-0.203941	0.356044	93.815097	-0.452027
-0.284074	0.259236	48.458314	-0.451098
-0.380284	0.157403	7.072638	-0.448282
-0.405541	0.080735	-13.435083	-0.449490
-0.447164	0.013584	-49.670268	-0.453461
-0.422050	-0.037498	-62.308080	-0.455657
-0.380268	-0.065053	-80.567498	-0.460044
-0.284566	-0.064442	-98.162858	-0.466275
-0.210676	-0.046044	-81.161980	-0.466313
-0.077030	-0.024372	-93.763483	-0.468284
0.055586	-0.006941	-53.481386	-0.472331
0.127173	0.000831	-45.559756	-0.471359
0.294293	0.011627	-25.315604	-0.473528
0.315959	0.019653	26.510012	-0.478111
0.413340	0.014478	34.118304	-0.478976
0.427948	-0.011850	80.831616	-0.480606
0.435743	-0.055425	97.720553	-0.483895
0.417375	-0.101491	122.614125	-0.483651
0.382303	-0.136286	141.768495	-0.486236
0.334788	-0.160541	164.200464	-0.489422
0.256904	-0.181295	170.588991	-0.487093
0.218795	-0.189933	170.667089	-0.490246
0.109142	-0.183476	186.053084	-0.492699
0.076956	-0.168157	163.184018	-0.494247
0.009616	-0.151827	177.164057	-0.499149
-0.052451	-0.140445	168.102781	-0.504244
-0.055211	-0.125362	158.305882	-0.505575
-0.098178	-0.094040	175.114653	-0.510283
-0.085875	-0.040627	163.327542	-0.514048
-0.079907	0.027880	176.898891	-0.513583
-0.067342	0.101246	178.432906	-0.518493
-0.069154	0.177140	171.255682	-0.521157
-0.062802	0.253416	169.236480	-0.515125
-0.090369	0.329143	155.553847	-0.485458
-0.128450	0.388597	131.402113	-0.464662
-0.175047	0.386553	105.922211	-0.454131
-0.256923	0.305098	68.133326	-0.452329
-0.339997	0.196097	19.093033	-0.450587
-0.403882	0.109329	-7.569178	-0.449959
-0.416091	0.042163	-34.892769	-0.453251
-0.433207	-0.015386	-64.870178	-0.457086
-0.379219	-0.050877	-71.081036	-0.460972
-0.318714	-0.059997	-94.760730	-0.466710
-0.212682	-0.046449	-87.189652	-0.467853
-0.135843	-0.025070	-83.179393	-0.469468
0.033412	-0.006669	-75.752312	-0.474223
0.099857	0.002166	-40.906774	-0.474099
0.235296	0.009975	-37.554287	-0.473734
0.322960	0.020814	8.409968	-0.479999
0.369056	0.021910	35.259489	-0.482139
0.429181	0.002603	59.806099	-0.485159
0.429333	-0.037270	94.811686	-0.488451
0.420487	-0.084591	113.366207	-0.489544
0.388430	-0.124099	133.155890	-0.489639
0.351303	-0.152074	154.268008	-0.495584
0.277739	-0.174683	172.146003	-0.495480
0.225719	-0.190461	165.746911	-0.495938
0.152874	-0.188554	178.558769	-0.500388
0.071022	-0.174499	171.554423	-0.501887
0.042101	-0.158624	161.758560	-0.505807
-0.038928	-0.148019	175.320150	-0.510443
-0.056499	-0.136574	156.862906	-0.513034
-0.078177	-0.113454	167.523358	-0.513642
-0.094980	-0.067250	168.706584	-0.520685
-0.078783	-0.002053	167.268132	-0.522140
-0.068941	0.071628	182.253237	-0.524287
-0.064404	0.147635	174.151035	-0.528555
-0.062569	0.226649	167.820558	-0.527486
-0.071880	0.305381	161.805691	-0.501124
-0.112713	0.375201	140.481414	-0.475582
-0.156864	0.392607	114.421118	-0.463971
-0.225465	0.328775	79.642931	-0.457774
-0.318610	0.223149	31.956155	-0.457783
-0.387704	0.128893	-0.413317	-0.455307
-0.413938	0.055127	-25.294715	-0.460575
-0.436241	-0.011497	-58.352708	-0.464747
-0.401273	-0.055555	-71.652214	-0.466195
-0.343766	-0.070188	-90.023749	-0.471055
-0.246599	-0.060308	-90.014080	-0.475816
-0.167790	-0.041333	-90.054095	-0.474582
-0.014118	-0.022167	-84.075399	-0.478554
0.074526	-0.011198	-51.341680	-0.479489
0.196102	-0.003820	-41.347079	-0.478353
0.299096	0.006554	-3.559722	-0.482112
0.354735	0.011719	27.133604	-0.485758
0.419500	-0.000332	53.981909	-0.486898
0.431414	-0.034481	85.676426	-0.490692
0.433029	-0.080264	108.075835	-0.492933
0.401723	-0.122288	129.302448	-0.494198
0.376350	-0.152540	147.254010	-0.496720
0.303933	-0.179006	170.035156	-0.499029
0.253128	-0.198618	167.735732	-0.498895
0.182082	-0.202719	177.510436	-0.502385
0.100959	-0.191266	176.182001	-0.505431
0.058533	-0.174812	167.339555	-0.505875
-0.011313	-0.160748	175.908967	-0.510859
-0.051206	-0.149671	160.623661	-0.515813
-0.070165	-0.132990	164.546967	-0.516209
-0.095047	-0.095992	168.462702	-0.521758
-0.086425	-0.034695	166.848378	-0.522845
-0.075502	0.042352	177.040081	-0.524586
-0.067860	0.121863	176.176964	-0.527592
-0.068138	0.199594	170.328588	-0.529647
-0.070651	0.276651	161.398525	-0.509418
-0.106311	0.349750	145.893623	-0.479015
-0.146572	0.385913	119.836403	-0.466964
-0.206231	0.341682	88.835998	-0.457619
-0.292686	0.241386	44.826812	-0.458200
-0.372866	0.139970	3.259106	-0.455404
-0.401188	0.063566	-17.572225	-0.456373
-0.433887	-0.002353	-51.925994	-0.460838
-0.403357	-0.050844	-66.445794	-0.464082
-0.361791	-0.075709	-83.385394	-0.468331
-0.261515	-0.073013	-96.728167	-0.473412
-0.191382	-0.055228	-85.302528	-0.474448
-0.048660	-0.032792	-86.340158	-0.476777
0.058252	-0.017243	-56.458027	-0.479785
0.160653	-0.009844	-44.403224	-0.479654
0.284066	-0.000459	-16.598682	-0.481517
0.336015	0.006789	21.052703	-0.487080
0.409675	-0.000395	41.474680	-0.487222
0.427913	-0.029567	78.919290	-0.490251
0.438025	-0.074224	100.931848	-0.492737
0.411341	-0.118390	119.766558	-0.493805
0.386826	-0.150023	139.414300	-0.495898
0.326927	-0.173935	164.586151	-0.499046
0.266535	-0.195519	166.676223	-0.498331
0.206269	-0.205718	171.394394	-0.500752
0.119603	-0.200816	177.371063	-0.505833
0.073348	-0.184677	162.971844	-0.507619
0.010798	-0.167729	172.680107	-0.510720
-0.041632	-0.154414	164.532752	-0.516927
-0.057041	-0.139459	159.765169	-0.517934
-0.087771	-0.106519	169.143072	-0.522777
-0.083475	-0.051471	163.992443	-0.526204
-0.073895	0.020856	172.879611	-0.527872
-0.065887	0.098850	175.915739	-0.531069
-0.063040	0.180304	171.779817	-0.533999
-0.065454	0.260538	164.868360	-0.521328
-0.089957	0.334958	149.888428	-0.489666
-0.135521	0.382616	125.766711	-0.474570
-0.185701	0.362566	98.058400	-0.464295
-0.271122	0.273715	55.844746	-0.460994
-0.352749	0.167078	10.299598	-0.460844
-0.403748	0.082548	-13.831422	-0.459428
-0.423938	0.015753	-47.143390	-0.464241
-0.419236	-0.038224	-64.145275	-0.468820
-0.375793	-0.069487	-81.677672	-0.470451
-0.291586	-0.073681	-97.341449	-0.476385
-0.209756	-0.058057	-88.615175	-0.479150
-0.095489	-0.036184	-92.083921	-0.478761
0.038077	-0.018284	-65.911564	-0.481693
0.124326	-0.008921	-50.620283	-0.481979
0.259089	0.000724	-31.098467	-0.482700
0.319540	0.009860	8.276102	-0.487184
0.396302	0.009530	32.926070	-0.490510
0.424729	-0.013926	67.640411	-0.492267
0.442366	-0.057219	92.139942	-0.494743
0.419198	-0.106330	119.280137	-0.495764
0.397860	-0.142611	133.566824	-0.497074
0.346547	-0.167422	154.126236	-0.500247
0.284360	-0.188337	167.983699	-0.499398
0.226735	-0.201227	168.947454	-0.498714
0.144975	-0.196776	178.879062	-0.503852
0.083585	-0.180471	167.487809	-0.506008
0.029578	-0.163812	170.378289	-0.508424
-0.035079	-0.154456	169.021855	-0.514149
-0.057747	-0.143926	157.823787	-0.517022
-0.087150	-0.117229	166.186467	-0.518980
-0.092831	-0.065183	164.153959	-0.524326
-0.082205	0.004250	172.433609	-0.525508
-0.074109	0.080763	177.184129	-0.526864
-0.068455	0.158546	170.674815	-0.531629
-0.068611	0.237011	167.139525	-0.527299
-0.085233	0.313634	153.215650	-0.495153
-0.121354	0.375192	134.145752	-0.475547
-0.169647	0.377742	106.981688	-0.465037
-0.238227	0.304118	68.909703	-0.458252
-0.327935	0.198943	23.484887	-0.458815
-0.388530	0.109924	-8.381738	-0.458240
-0.407963	0.039165	-32.012829	-0.459881
-0.425685	-0.020692	-62.930684	-0.464855
-0.380629	-0.058206	-72.202709	-0.467642
-0.320361	-0.071010	-91.563918	-0.471532
-0.223393	-0.059696	-90.925150	-0.475977
-0.141913	-0.038237	-85.774961	-0.476252
0.013031	-0.016594	-80.527984	-0.478638
0.095518	-0.005442	-45.128713	-0.480394
0.213066	0.004519	-38.145856	-0.479149
0.316806	0.015035	-0.251252	-0.481821
0.354709	0.016026	31.440884	-0.486045
0.422720	-0.002855	52.423205	-0.488717
0.425723	-0.042031	88.416949	-0.491010
0.420924	-0.089602	107.815257	-0.493638
0.395616	-0.129156	128.864036	-0.494671
0.359721	-0.156085	150.346269	-0.496312
0.292794	-0.177686	167.453838	-0.500069
0.238426	-0.194254	165.051841	-0.498647
0.167500	-0.196789	175.007103	-0.502262
0.085442	-0.184793	172.864352	-0.505033
0.049108	-0.169046	155.488777	-0.505452
-0.023799	-0.157486	171.243602	-0.510283
-0.060307	-0.149516	158.605740	-0.515820
-0.071914	-0.128374	161.384587	-0.516757
-0.101359	-0.084340	169.648236	-0.521696
-0.081670	-0.019925	164.321316	-0.524164
-0.073254	0.055886	178.672542	-0.525830
-0.066601	0.134793	174.790700	-0.528425
-0.062096	0.212123	165.980514	-0.531266
-0.068487	0.286567	161.313856	-0.506415
-0.109849	0.352561	142.142823	-0.479620
-0.142907	0.375811	117.067246	-0.468623
-0.215401	0.325342	85.192895	-0.460994
-0.295835	0.228652	40.951232	-0.460371
-0.371550	0.130776	1.466592	-0.459248
-0.400347	0.053910	-20.067022	-0.460186
-0.431500	-0.007985	-52.910023	-0.463434
-0.393030	-0.051863	-72.549940	-0.468137
