MBK	ACC	OVV	EGG
-0.166268	0.127360	119.626689	0.001263
-0.275373	0.110831	65.811411	0.001702
-0.358857	0.072523	-13.722006	0.001618
-0.446320	0.029245	-145.961373	0.001651
-0.546115	-0.013616	-162.282772	0.001535
-0.438103	-0.048917	73.490030	0.001661
0.025341	-0.067110	288.368806	0.001605
0.452766	-0.062980	317.749864	0.001590
0.493950	-0.042899	204.452451	0.001598
0.364607	-0.016265	108.296466	0.001527
0.257646	0.008219	127.670832	0.000872
0.108728	0.023139	134.154670	0.000389
-0.076981	0.024999	40.633652	-0.000128
-0.225467	0.015911	-23.403997	-0.000582
-0.248169	0.000022	47.172976	-0.001055
-0.125082	-0.015008	156.235876	-0.001549
-0.015011	-0.027120	248.270191	-0.001894
0.032890	-0.034341	249.709724	-0.002101
0.127515	-0.034728	207.484830	-0.002470
0.206871	-0.031245	188.121052	-0.002697
0.167676	-0.026986	185.752658	-0.002784
0.054062	-0.024285	171.530384	-0.002628
-0.053891	-0.023571	175.122967	-0.002745
-0.096948	-0.023830	173.643638	-0.002651
-0.055047	-0.024866	192.977447	-0.002721
0.010973	-0.027772	243.866691	-0.002837
0.081356	-0.032607	301.512548	-0.002697
0.163427	-0.036841	329.007631	-0.002763
0.202214	-0.038423	331.330235	-0.002697
0.166413	-0.038085	310.839778	-0.002754
0.112725	-0.035541	301.631198	-0.002843
0.075544	-0.031398	302.702074	-0.002633
0.041851	-0.023490	309.855585	-0.002706
0.000947	-0.007634	312.874765	-0.002684
-0.028473	0.013814	322.448503	-0.002895
-0.018771	0.037691	330.529953	-0.002822
0.012619	0.061966	312.256503	-0.002589
-0.006028	0.090186	245.315376	-0.001776
-0.103714	0.117811	160.074353	0.000410
-0.223650	0.121373	102.868170	0.001607
-0.304290	0.094031	58.140404	0.001647
-0.368215	0.053773	-61.118075	0.001600
-0.483741	0.011748	-186.485088	0.001429
-0.550459	-0.028177	-92.646467	0.001585
-0.279033	-0.056703	185.177328	0.001588
0.237199	-0.066405	319.551920	0.001569
0.504498	-0.055058	282.586595	0.001637
0.431519	-0.033193	137.389388	0.001668
0.318257	-0.006578	117.169551	0.001112
0.215212	0.014248	143.066772	0.000699
0.052635	0.023073	120.207104	0.000102
-0.137764	0.019038	-1.906609	-0.000436
-0.255581	0.007989	1.651110	-0.000944
-0.212398	-0.007256	86.899213	-0.001198
-0.066723	-0.020814	215.012553	-0.001757
0.016849	-0.030321	262.803625	-0.001940
0.082703	-0.034090	236.672997	-0.002435
0.173974	-0.032342	187.887989	-0.002476
0.198203	-0.027631	187.594115	-0.002696
0.119637	-0.025570	181.578644	-0.002772
0.008440	-0.024737	181.060876	-0.002753
-0.079803	-0.024821	177.029175	-0.002794
-0.081941	-0.025580	175.624841	-0.002823
-0.021505	-0.027801	217.059871	-0.002772
0.050159	-0.029838	280.847955	-0.002678
0.128204	-0.033336	321.190284	-0.002722
0.189781	-0.035662	333.459745	-0.002828
0.184445	-0.036425	320.659427	-0.002709
0.135658	-0.036072	297.022484	-0.002630
0.080397	-0.034019	301.186122	-0.002721
0.033324	-0.028258	308.228312	-0.002780
0.001572	-0.017074	314.081834	-0.002636
-0.011255	0.002029	326.459981	-0.002696
-0.005085	0.025672	334.721905	-0.002591
0.013409	0.050505	321.305332	-0.002585
0.003573	0.078254	271.924956	-0.002358
-0.063499	0.108285	201.421442	-0.000605
-0.170099	0.123907	128.479404	0.001252
-0.268067	0.108491	79.715004	0.001728
-0.346358	0.072398	-16.729551	0.001579
-0.445511	0.030150	-136.387557	0.001622
-0.538586	-0.012516	-145.644534	0.001594
-0.416381	-0.047349	73.069294	0.001654
0.012681	-0.064723	277.711009	0.001661
0.416931	-0.062352	311.428034	0.001546
0.490572	-0.043956	202.282034	0.001539
0.377772	-0.017935	115.245234	0.001345
0.264960	0.005525	134.425845	0.000736
0.126025	0.019710	134.154337	0.000240
-0.059431	0.020957	54.671218	-0.000213
-0.217952	0.012350	-11.077149	-0.000711
-0.248063	-0.001042	53.988517	-0.001250
-0.134805	-0.014801	165.455026	-0.001724
-0.006335	-0.025731	264.386740	-0.001957
0.072232	-0.032142	254.054638	-0.002178
0.146463	-0.031902	206.738966	-0.002525
0.191579	-0.028829	177.102705	-0.002691
0.159226	-0.025850	187.772280	-0.002750
0.062854	-0.024991	186.150736	-0.002738
-0.040497	-0.025193	186.775237	-0.002825
-0.084344	-0.025661	178.566975	-0.002643
-0.044543	-0.025572	207.479250	-0.002777
0.027492	-0.027006	262.375074	-0.002735
0.107416	-0.031131	316.863188	-0.002858
0.179383	-0.034047	331.043596	-0.002869
0.197903	-0.033900	318.176302	-0.002762
0.149921	-0.032876	307.420575	-0.002851
0.098047	-0.032139	313.008934	-0.002738
0.066649	-0.029479	318.377513	-0.002851
0.027325	-0.020712	307.494547	-0.002881
-0.016605	-0.003701	311.337378	-0.002737
-0.019511	0.017248	334.960770	-0.002849
0.017025	0.040882	349.888640	-0.002676
0.030293	0.066871	302.224584	-0.002526
-0.032741	0.095705	222.381693	-0.001635
-0.142694	0.120222	151.810376	0.000577
-0.232272	0.120383	111.182279	0.001590
-0.302914	0.091128	46.799620	0.001645
-0.397641	0.050202	-72.077835	0.001514
-0.511320	0.008940	-181.253119	0.001667
-0.516648	-0.029971	-51.716199	0.001709
-0.208954	-0.056927	214.350543	0.001664
0.274335	-0.063710	317.322803	0.001563
0.486172	-0.051771	254.405464	0.001603
0.403030	-0.029146	133.753631	0.001543
0.309638	-0.004227	120.429857	0.000912
0.206362	0.014994	149.054881	0.000403
0.016322	0.021643	107.920397	-0.000030
-0.177629	0.016994	-3.392798	-0.000562
-0.269792	0.005458	16.659439	-0.001035
-0.204626	-0.008308	115.967445	-0.001331
-0.054002	-0.020737	236.855471	-0.001654
0.036797	-0.028727	272.296833	-0.002081
0.102460	-0.030555	233.302050	-0.002181
0.176377	-0.027942	182.604984	-0.002501
0.181578	-0.024486	184.319318	-0.002692
0.093502	-0.023016	184.712552	-0.002724
-0.016073	-0.023375	184.206653	-0.002727
-0.085934	-0.024096	182.362604	-0.002754
-0.075892	-0.024490	185.138831	-0.002750
-0.016532	-0.025335	238.333729	-0.002558
0.060930	-0.027546	301.542773	-0.002677
0.148677	-0.030372	335.670768	-0.002743
0.199739	-0.032166	329.027128	-0.002738
0.172164	-0.032668	309.966809	-0.002778
0.104075	-0.031676	295.590628	-0.002671
0.049079	-0.030387	314.887863	-0.002671
0.022801	-0.025297	323.798561	-0.002735
0.009580	-0.012203	323.090389	-0.002635
-0.007957	0.008914	328.838672	-0.002749
-0.008087	0.033184	342.850014	-0.002689
0.013735	0.058010	327.429594	-0.002750
-0.005304	0.085860	269.268152	-0.002378
-0.094057	0.113954	182.387079	-0.000373
-0.209672	0.125654	113.326145	0.001224
-0.303987	0.107361	71.224007	0.001547
-0.370441	0.070763	-8.956317	0.001571
-0.449408	0.028653	-127.674608	0.001508
-0.519314	-0.011450	-119.016991	0.001610
-0.370146	-0.043548	97.012270	0.001645
0.061116	-0.058986	279.059933	0.001620
0.416243	-0.055118	301.214692	0.001732
0.449161	-0.036567	188.375542	0.001452
0.346919	-0.012413	116.337327	0.001015
0.240325	0.009428	127.611642	0.000361
0.088993	0.021096	133.113368	-0.000026
-0.097025	0.020640	52.022771	-0.000677
-0.236330	0.012164	13.201469	-0.000967
-0.239094	0.000103	72.386830	-0.001445
-0.109882	-0.012487	184.427497	-0.001784
0.008800	-0.022197	268.416584	-0.002206
0.076628	-0.027059	256.930402	-0.002420
0.142251	-0.026455	202.959108	-0.002696
0.171746	-0.022763	179.238237	-0.002679
0.127224	-0.020375	189.213220	-0.002669
0.034382	-0.020187	188.117863	-0.002809
-0.059053	-0.020946	191.007312	-0.002616
-0.090250	-0.021293	183.498422	-0.002845
-0.044146	-0.022129	218.508565	-0.002696
0.031730	-0.024232	275.474197	-0.002658
0.113142	-0.026693	322.945046	-0.002787
0.176540	-0.029636	329.847471	-0.002760
0.178292	-0.029789	319.957229	-0.002661
0.127527	-0.030188	306.530778	-0.002848
0.073637	-0.029304	312.236940	-0.002698
0.034106	-0.024525	317.423043	-0.002791
0.005696	-0.013679	317.550303	-0.002724
-0.012109	0.003411	327.477088	-0.002804
-0.010347	0.025852	340.522405	-0.002769
0.003212	0.048661	335.104808	-0.002654
-0.010699	0.074195	285.654801	-0.002680
-0.074411	0.103492	213.143821	-0.001624
-0.168741	0.124135	148.632453	0.000396
-0.252412	0.117977	110.092712	0.001439
-0.322459	0.087269	34.917901	0.001626
-0.411917	0.048293	-87.698518	0.001491
-0.518329	0.006891	-162.970845	0.001638
-0.483345	-0.029844	4.373315	0.001641
-0.135881	-0.053593	229.446829	0.001685
0.298910	-0.057182	307.135126	0.001515
0.451459	-0.044733	237.260512	0.001362
0.388854	-0.022095	131.109801	0.001112
0.300827	0.001183	129.890776	0.000438
0.165573	0.016879	145.628548	-0.000079
-0.026164	0.021496	89.636834	-0.000369
-0.198993	0.015656	4.734540	-0.001033
-0.261899	0.005337	41.662905	-0.001284
-0.168024	-0.007268	138.749055	-0.001637
-0.025005	-0.018409	257.432082	-0.002120
0.057929	-0.023986	269.722098	-0.002313
0.124396	-0.024618	223.528000	-0.002692
0.172446	-0.022337	175.678524	-0.002782
0.155028	-0.019862	188.526647	-0.002708
0.072657	-0.019553	186.925009	-0.002660
-0.022349	-0.021214	193.209967	-0.002716
-0.080393	-0.022297	177.655413	-0.002774
-0.061293	-0.023210	200.818042	-0.002816
0.003337	-0.024042	253.722185	-0.002562
0.087001	-0.026252	313.751637	-0.002741
0.165560	-0.028927	332.910173	-0.002720
0.196842	-0.029817	328.400967	-0.002685
0.156315	-0.029230	309.710331	-0.002770
0.094161	-0.028517	309.573816	-0.002763
0.050326	-0.025306	316.791800	-0.002638
0.023866	-0.017049	317.375067	-0.002695
-0.000628	-0.002466	319.608996	-0.002573
-0.011157	0.018387	332.407819	-0.002790
0.000932	0.041977	341.948689	-0.002711
0.007393	0.067115	310.890619	-0.002590
-0.034742	0.095062	241.486466	-0.001738
-0.125418	0.120250	160.948873	0.000055
-0.227987	0.122860	107.233971	0.001327
-0.311081	0.096687	53.663385	0.001658
-0.387800	0.058286	-47.820213	0.001598
-0.482563	0.016838	-152.561898	0.001624
-0.506448	-0.020987	-55.203695	0.001531
-0.241167	-0.048054	189.459293	0.001635
0.222409	-0.057434	306.501178	0.001659
0.460163	-0.048187	267.587517	0.001344
0.406078	-0.027874	144.358609	0.001119
0.311264	-0.004269	117.499769	0.000694
0.202347	0.013996	144.226492	0.000049
0.030254	0.020462	121.116925	-0.000402
-0.151607	0.017085	20.741938	-0.000857
-0.251110	0.008240	26.937484	-0.001498
-0.195684	-0.003957	113.229441	-0.001699
-0.044324	-0.014983	237.643245	-0.002124
0.050207	-0.022018	277.032244	-0.002356
0.104294	-0.024611	235.761488	-0.002520
0.159335	-0.023188	178.744854	-0.002623
0.165212	-0.020274	184.563681	-0.002733
0.097607	-0.019360	193.126724	-0.002718
0.005144	-0.020680	195.840716	-0.002788
-0.062684	-0.021710	186.135594	-0.002771
-0.060420	-0.021200	192.454651	-0.002713
-0.007529	-0.022207	239.411289	-0.002852
0.063208	-0.024774	303.831204	-0.002636
0.142944	-0.026902	330.811994	-0.002753
0.192535	-0.027795	325.408423	-0.002744
0.170882	-0.028292	311.912083	-0.002638
0.117259	-0.027577	307.486523	-0.002714
0.073146	-0.025180	316.286200	-0.002782
0.036752	-0.019790	316.903266	-0.002768
0.006373	-0.007984	315.520369	-0.002628
-0.009794	0.013013	327.281107	-0.002758
-0.005528	0.037022	341.823196	-0.002710
0.008147	0.060800	322.327694	-0.002768
-0.009443	0.087143	260.825775	-0.002102
-0.088213	0.114290	167.492761	-0.000154
-0.210780	0.122260	101.676083	0.001073
-0.310503	0.101272	71.690367	0.001617
-0.356208	0.064364	-6.777180	0.001534
-0.425538	0.024674	-128.051602	0.001578
-0.491150	-0.014717	-83.953789	0.001509
-0.296697	-0.044242	128.447427	0.001630
0.142698	-0.056676	284.064521	0.001596
0.423719	-0.051237	290.465632	0.001497
0.422778	-0.033069	174.499967	0.001055
0.342117	-0.009085	119.743391	0.000682
0.240225	0.010242	138.342144	0.000002
0.082128	0.018713	124.590664	-0.000454
-0.106317	0.017183	41.419855	-0.000811
-0.235184	0.008918	28.180870	-0.001258
-0.200422	-0.002814	94.325889	-0.001668
-0.053941	-0.013848	211.803172	-0.002142
0.046789	-0.021653	274.415704	-0.002415
0.106570	-0.025230	249.290903	-0.002690
0.162426	-0.024063	196.752792	-0.002820
0.169340	-0.020814	187.035692	-0.002674
0.113004	-0.019535	187.432355	-0.002819
0.026262	-0.020549	190.051512	-0.002886
-0.051971	-0.021052	186.962966	-0.002818
-0.063846	-0.021728	192.396862	-0.002649
-0.015655	-0.022745	234.255714	-0.002655
0.048242	-0.024514	289.348139	-0.002788
0.119749	-0.027183	319.904618	-0.002660
0.179484	-0.028318	324.305266	-0.002777
0.183946	-0.029323	321.287655	-0.002725
0.144821	-0.028967	309.787494	-0.002638
0.090120	-0.027711	311.956300	-0.002809
0.041034	-0.022652	312.491005	-0.002716
0.012812	-0.011511	317.941695	-0.002647
0.001409	0.007552	330.452380	-0.002776
0.000510	0.032290	344.316765	-0.002728
0.008082	0.056526	324.830360	-0.002726
-0.008805	0.083293	270.559704	-0.002502
-0.081155	0.112033	186.383510	-0.000699
-0.195931	0.123320	114.198102	0.001033
-0.295685	0.105468	78.241551	0.001610
-0.349867	0.070691	-1.891239	0.001608
-0.425968	0.030262	-126.422931	0.001602
-0.507372	-0.009766	-100.917477	0.001585
-0.343270	-0.042732	106.094889	0.001619
0.090759	-0.057869	272.809281	0.001575
0.402148	-0.053774	292.483114	0.001592
0.424899	-0.037069	190.632058	0.001084
0.352106	-0.014017	122.160389	0.000712
0.256654	0.007088	138.032930	0.000153
0.102189	0.017944	126.620230	-0.000360
-0.083434	0.017783	48.503343	-0.000921
-0.219118	0.009684	22.935855	-0.001356
-0.205770	-0.001935	83.388076	-0.001742
-0.073884	-0.013246	192.344142	-0.001919
0.027606	-0.022215	270.248191	-0.002510
0.091078	-0.026635	255.087542	-0.002571
0.157538	-0.025734	203.632350	-0.002777
0.169701	-0.023318	182.607665	-0.002622
0.112844	-0.020989	184.925255	-0.002639
0.032674	-0.021338	191.531881	-0.002721
-0.038355	-0.021851	194.678816	-0.002816
-0.054519	-0.022250	192.339840	-0.002736
-0.015861	-0.021516	220.757317	-0.002763
0.033740	-0.022571	279.572757	-0.002664
0.101842	-0.026045	321.825651	-0.002806
0.173619	-0.028869	327.886828	-0.002589
0.181327	-0.029119	312.018636	-0.002692
0.134124	-0.029424	306.006814	-0.002767
0.095441	-0.028581	316.006546	-0.002836
0.070588	-0.023174	323.997007	-0.002725
0.031556	-0.012616	314.271401	-0.002735
-0.008792	0.005357	318.542601	-0.002666
-0.017051	0.027866	334.510114	-0.002774
0.000449	0.051721	330.600228	-0.002670
-0.008764	0.076125	278.274700	-0.002620
-0.079422	0.103361	200.365969	-0.001175
-0.181153	0.119832	133.572981	0.000488
-0.259607	0.108373	99.893072	0.001633
-0.313695	0.077897	33.189868	0.001730
-0.397214	0.039592	-94.007930	0.001522
-0.499217	0.000203	-123.688173	0.001664
-0.408277	-0.032676	48.724932	0.001620
-0.027695	-0.052242	245.202986	0.001715
0.337701	-0.052778	299.187317	0.001696
0.420258	-0.039396	211.048992	0.001254
0.347888	-0.017590	127.874054	0.000743
0.263763	0.003605	131.502748	0.000281
0.139544	0.015696	141.541674	-0.000366
-0.036231	0.017362	73.933842	-0.000673
-0.186292	0.011131	25.750985	-0.001285
-0.211052	0.000532	64.254841	-0.001654
-0.101854	-0.010882	174.206836	-0.001888
0.015392	-0.019492	261.452774	-0.002275
0.081435	-0.024090	264.291217	-0.002479
0.131623	-0.024374	209.161699	-0.002773
0.153662	-0.021685	187.433389	-0.002795
0.119666	-0.019169	188.596625	-0.002793
0.042726	-0.020162	193.926197	-0.002735
-0.037638	-0.020688	193.609395	-0.002789
-0.062325	-0.021098	193.749633	-0.002867
-0.026422	-0.020874	218.540599	-0.002826
0.028505	-0.021113	275.902716	-0.002769
0.092714	-0.023689	314.847428	-0.002801
0.156304	-0.025948	325.868712	-0.002729
0.173917	-0.026219	313.525849	-0.002888
0.141995	-0.025974	306.253452	-0.002710
0.096905	-0.024992	313.857788	-0.002687
0.063475	-0.022261	319.460259	-0.002859
0.028537	-0.014037	310.868282	-0.002715
-0.008466	0.002051	314.736977	-0.002753
-0.021578	0.024789	331.893320	-0.002920
-0.004280	0.049540	341.405999	-0.002844
0.000710	0.074026	298.265575	-0.002676
-0.056585	0.102645	207.482677	-0.001286
-0.171566	0.122272	121.667290	0.000611
-0.277667	0.112829	87.981693	0.001483
-0.325796	0.081886	42.441002	0.001549
-0.382848	0.043629	-77.017786	0.001553
-0.490556	0.004390	-130.953621	0.001656
-0.434539	-0.030030	33.710986	0.001593
-0.052412	-0.050913	242.116248	0.001662
0.344395	-0.053482	302.370715	0.001629
0.423025	-0.040628	218.577513	0.001406
0.333688	-0.019847	123.478508	0.000969
0.264986	0.000956	128.670064	0.000373
0.160967	0.013987	145.306502	-0.000120
-0.010777	0.015906	85.861358	-0.000740
-0.168596	0.010435	21.394504	-0.000914
-0.208263	0.000675	65.042708	-0.001469
-0.101352	-0.010177	171.097895	-0.001983
0.027085	-0.018693	265.977909	-0.002190
