MBK	ACC	OVV	EGG
0.356566	-0.083454	74.014522	-0.481767
0.116271	-0.085948	43.456787	-0.485519
-0.048743	-0.084307	47.286652	-0.493667
-0.252150	-0.094930	-6.155886	-0.497634
-0.346257	-0.125164	-28.730226	-0.498575
-0.270854	-0.158333	1.775188	-0.501220
-0.149029	-0.176605	26.318982	-0.502268
0.011216	-0.175318	82.274685	-0.503389
0.247275	-0.168653	170.949570	-0.505435
0.437587	-0.158482	217.975959	-0.504022
0.483187	-0.140976	236.740143	-0.503439
0.483903	-0.121304	266.651387	-0.506424
0.455366	-0.109428	282.734122	-0.507081
0.278740	-0.115277	259.386247	-0.508095
0.101853	-0.129674	242.341248	-0.512628
0.009297	-0.132771	241.674689	-0.512318
-0.085478	-0.104671	235.925656	-0.513994
-0.149788	-0.048457	240.566933	-0.518799
-0.103784	0.023932	252.930679	-0.519545
-0.081740	0.113120	242.699612	-0.521540
-0.122010	0.213960	204.084734	-0.524581
-0.132849	0.310286	180.186197	-0.512636
-0.202623	0.403192	136.011019	-0.478649
-0.360996	0.474930	53.363350	-0.459601
-0.500379	0.461779	-10.143601	-0.446841
-0.638044	0.354993	-102.032464	-0.444258
-0.843133	0.220094	-201.482068	-0.444150
-0.853251	0.114057	-194.306778	-0.444272
-0.566071	0.030300	-131.474540	-0.448333
-0.314232	-0.034297	-86.600604	-0.453805
-0.061262	-0.074437	-33.466466	-0.457441
0.372928	-0.085287	48.933244	-0.462237
0.642303	-0.068042	110.992766	-0.466808
0.648416	-0.049239	116.521594	-0.467633
0.727580	-0.051096	144.960457	-0.473000
0.665286	-0.068232	149.771540	-0.478199
0.345415	-0.079784	69.494677	-0.480193
0.119660	-0.081647	46.938053	-0.486042
-0.015248	-0.081062	54.805633	-0.491876
-0.251932	-0.092015	-6.541201	-0.495016
-0.366571	-0.123080	-33.645997	-0.499781
-0.252949	-0.156313	6.326692	-0.500621
-0.151032	-0.172713	27.217798	-0.500150
-0.021660	-0.172149	71.935852	-0.503095
0.249109	-0.166549	173.993724	-0.503629
0.442048	-0.156338	219.863572	-0.502905
0.462177	-0.138237	226.490313	-0.503993
0.489097	-0.117678	269.340172	-0.505300
0.474144	-0.106583	287.064343	-0.504703
0.288596	-0.111758	256.476189	-0.509467
0.107164	-0.127959	244.768886	-0.511098
0.042815	-0.131694	251.600658	-0.512670
-0.070128	-0.105566	238.938654	-0.516341
-0.145542	-0.048559	240.274257	-0.518386
-0.088736	0.025168	261.280645	-0.517744
-0.069387	0.112915	244.022390	-0.521398
-0.132009	0.211154	202.704112	-0.521173
-0.140364	0.310613	183.534664	-0.513910
-0.192500	0.407169	142.403523	-0.483140
-0.361655	0.476798	57.201847	-0.459830
-0.510657	0.464874	-12.127193	-0.447860
-0.646574	0.363565	-97.263936	-0.444931
-0.828746	0.232950	-197.005785	-0.442857
-0.854176	0.123170	-197.325620	-0.445123
-0.598647	0.038617	-140.725666	-0.451066
-0.324683	-0.027951	-88.279443	-0.454411
-0.050212	-0.072351	-32.340877	-0.459476
0.329468	-0.086383	37.863150	-0.464748
0.622888	-0.068072	110.294970	-0.466965
0.682762	-0.046987	123.484687	-0.470736
0.733835	-0.046219	144.325085	-0.475326
0.649644	-0.063054	145.626110	-0.478522
0.397017	-0.076674	74.092781	-0.482870
0.139229	-0.079287	53.267100	-0.488656
-0.036884	-0.081034	40.785547	-0.494093
-0.222919	-0.094834	-2.106148	-0.499062
-0.345083	-0.125903	-22.592460	-0.502395
-0.277490	-0.160505	-8.604095	-0.502569
-0.151720	-0.177460	29.903514	-0.504694
-0.004504	-0.177237	78.844852	-0.507417
0.233210	-0.170757	164.408219	-0.504984
0.429946	-0.158931	220.690210	-0.505640
0.490626	-0.140365	237.243019	-0.507017
0.503944	-0.119724	271.401607	-0.504852
0.479618	-0.108635	288.327652	-0.507916
0.314383	-0.111060	270.321592	-0.510827
0.143713	-0.123371	251.852570	-0.511565
0.039765	-0.125717	249.898869	-0.515222
-0.063343	-0.101810	241.526818	-0.517290
-0.135970	-0.048847	239.545677	-0.516902
-0.110730	0.026378	255.211301	-0.519407
-0.097009	0.117349	242.096328	-0.522271
-0.126130	0.215975	205.420419	-0.520468
-0.162056	0.312925	178.526935	-0.514035
-0.222286	0.409876	132.431113	-0.479627
-0.358356	0.481070	59.613988	-0.456877
-0.501329	0.467034	-13.838993	-0.448285
-0.657652	0.359118	-106.482455	-0.444165
-0.824965	0.224540	-196.657409	-0.442420
-0.833164	0.117984	-195.460782	-0.446171
-0.578834	0.037965	-135.488010	-0.449988
-0.305569	-0.027110	-86.078697	-0.452423
-0.041712	-0.070943	-34.564624	-0.458841
0.341193	-0.083741	39.858195	-0.460774
0.628174	-0.068869	102.391627	-0.464341
0.677249	-0.051774	122.454402	-0.469981
0.720944	-0.054422	139.216778	-0.472054
0.661404	-0.071381	140.610100	-0.475240
0.395762	-0.083373	82.227177	-0.481835
0.146362	-0.083765	49.928270	-0.485406
-0.005242	-0.083326	50.072732	-0.490036
-0.209225	-0.095572	4.775533	-0.495403
-0.330027	-0.126997	-27.705803	-0.497707
-0.264266	-0.160713	-0.204620	-0.497622
-0.146097	-0.176975	32.207587	-0.502294
-0.013581	-0.176704	78.613463	-0.501694
0.223471	-0.169459	167.154585	-0.500453
0.412956	-0.157579	219.165282	-0.503554
0.468706	-0.140901	232.893483	-0.501784
0.482988	-0.122020	267.571729	-0.502005
0.465657	-0.108303	286.854094	-0.504577
0.313630	-0.107684	268.658567	-0.505073
0.145289	-0.120787	252.615944	-0.507565
0.050407	-0.125320	251.166553	-0.511157
-0.050198	-0.100983	243.439095	-0.511534
-0.127692	-0.046714	240.827050	-0.513181
-0.101696	0.028500	256.881122	-0.517027
-0.093343	0.115438	242.670256	-0.516801
-0.138001	0.211499	201.431510	-0.517647
-0.173381	0.310654	177.087548	-0.512577
-0.225744	0.407902	134.947746	-0.475209
-0.366398	0.474733	56.661477	-0.454529
-0.521421	0.459663	-17.830352	-0.446927
-0.659215	0.356305	-107.116726	-0.439576
-0.812982	0.223586	-194.924340	-0.440484
-0.825940	0.114062	-196.111830	-0.444078
-0.586935	0.029689	-137.512218	-0.444764
-0.287292	-0.034159	-82.752691	-0.451458
-0.026215	-0.075188	-29.700848	-0.457119
0.345110	-0.086547	39.207016	-0.459302
0.629450	-0.071969	106.444875	-0.463679
0.697416	-0.053614	125.615309	-0.467330
0.714620	-0.052367	141.574138	-0.468994
0.656765	-0.066552	143.049341	-0.474325
0.401927	-0.078838	85.659386	-0.478828
0.134741	-0.083459	47.798418	-0.483155
-0.036327	-0.086344	43.691639	-0.490431
-0.221428	-0.099549	4.886833	-0.495475
-0.346964	-0.130693	-25.072454	-0.494387
-0.287335	-0.165590	-2.770867	-0.497328
-0.160129	-0.180560	32.036771	-0.497981
-0.008539	-0.175408	81.815951	-0.497968
0.214779	-0.165780	162.862006	-0.500760
0.416074	-0.156354	217.797587	-0.500040
0.471767	-0.143793	235.237405	-0.498222
0.486173	-0.125062	264.252219	-0.501132
0.465480	-0.111213	290.432887	-0.501957
0.326797	-0.112673	272.901319	-0.501615
0.153873	-0.123325	256.305615	-0.506062
0.049284	-0.124642	255.045070	-0.508292
-0.043647	-0.100217	246.257579	-0.508438
-0.126767	-0.047645	243.273187	-0.511951
-0.123123	0.026960	252.545126	-0.512772
-0.104398	0.118807	245.203465	-0.513270
-0.146225	0.219152	204.887420	-0.516096
-0.189775	0.315190	174.684860	-0.505028
-0.252737	0.405293	127.900373	-0.470208
-0.392794	0.466332	47.762306	-0.452203
-0.546401	0.449000	-21.347480	-0.441791
-0.669975	0.347067	-110.375236	-0.436263
-0.803178	0.219348	-182.894725	-0.438306
-0.804278	0.114918	-188.413100	-0.438730
-0.561884	0.033767	-136.978907	-0.442342
-0.276851	-0.028877	-72.950130	-0.448006
-0.017362	-0.071377	-30.952334	-0.451319
0.344891	-0.083279	42.918237	-0.454862
0.604014	-0.072215	105.904925	-0.460990
0.680447	-0.056709	118.665520	-0.464275
0.687247	-0.057241	144.446318	-0.467758
0.624493	-0.070282	137.965313	-0.471797
0.379694	-0.081859	86.847752	-0.475640
0.127987	-0.084078	51.512193	-0.478961
-0.038681	-0.084371	40.201705	-0.487085
-0.209930	-0.096527	7.752344	-0.489437
-0.328188	-0.127397	-22.104344	-0.491123
-0.272617	-0.162023	-0.722719	-0.493825
-0.161301	-0.182167	32.704379	-0.494882
-0.013619	-0.182853	81.696963	-0.494393
0.203924	-0.175584	163.749090	-0.497458
0.396513	-0.161853	217.977909	-0.494757
0.461794	-0.141160	238.481797	-0.496602
0.490539	-0.120633	267.324287	-0.498228
0.461021	-0.107991	287.056862	-0.498112
0.320098	-0.110144	268.690759	-0.500301
0.159502	-0.122516	254.888629	-0.505811
0.050609	-0.127437	252.794229	-0.505779
-0.049274	-0.104797	242.932848	-0.508802
-0.121681	-0.050367	245.620291	-0.512725
-0.112115	0.025501	256.622987	-0.512308
-0.109394	0.115575	243.241402	-0.514169
-0.152696	0.214305	204.735712	-0.516804
-0.194135	0.313983	174.846873	-0.506165
-0.258470	0.407765	129.366433	-0.473485
-0.389699	0.472983	53.843667	-0.454502
-0.541364	0.452293	-19.468790	-0.443690
-0.675447	0.344727	-109.712910	-0.441636
-0.818590	0.213531	-191.728796	-0.441908
-0.812565	0.108663	-188.503612	-0.442070
-0.558973	0.028460	-133.362213	-0.446781
-0.291998	-0.033716	-82.612791	-0.452054
-0.011938	-0.068823	-22.386030	-0.454198
0.352961	-0.078509	43.620247	-0.460662
0.619872	-0.065035	106.381553	-0.464932
0.658569	-0.052108	123.267794	-0.468237
0.707991	-0.055658	137.175667	-0.473066
0.619497	-0.070431	144.569279	-0.477058
0.368319	-0.082631	79.680194	-0.479660
0.139120	-0.084889	55.843738	-0.487225
-0.035568	-0.085494	49.286770	-0.493525
-0.224537	-0.100378	0.164951	-0.495295
-0.326115	-0.131852	-16.806148	-0.498174
-0.277211	-0.165387	0.589081	-0.498461
-0.162910	-0.182016	33.954368	-0.498146
-0.012611	-0.179567	86.877154	-0.501700
0.214253	-0.168951	169.825864	-0.500255
0.393522	-0.156441	219.459304	-0.499929
0.464154	-0.138556	237.182270	-0.502444
0.475220	-0.118961	271.542998	-0.503152
0.456006	-0.108869	280.828764	-0.503152
0.316363	-0.112514	270.220744	-0.507500
0.154827	-0.124205	258.692760	-0.509512
0.062890	-0.126482	253.288880	-0.509299
-0.038027	-0.100222	250.725899	-0.514416
-0.112815	-0.043872	247.863873	-0.515076
-0.100617	0.033014	259.679961	-0.515455
-0.107851	0.122348	244.316972	-0.518395
-0.164478	0.220045	201.852607	-0.517597
-0.206799	0.316789	174.278364	-0.505394
-0.269747	0.410432	125.705097	-0.474234
-0.423141	0.473073	47.508037	-0.454809
-0.557374	0.448066	-23.772484	-0.444681
-0.682230	0.336164	-114.321560	-0.442680
-0.834078	0.207970	-196.075525	-0.441393
-0.803829	0.110847	-184.300047	-0.443149
-0.527425	0.031229	-128.156152	-0.448735
-0.261091	-0.033928	-76.097080	-0.452727
-0.009901	-0.076647	-29.304372	-0.456816
0.389489	-0.085644	48.471948	-0.463358
0.636091	-0.068593	114.966005	-0.464484
0.670553	-0.053199	119.167751	-0.467768
0.719923	-0.055638	152.767637	-0.472470
0.642583	-0.071704	144.787906	-0.475188
0.365960	-0.081032	79.271579	-0.479926
0.120492	-0.082518	56.195115	-0.485741
-0.019164	-0.083980	48.344049	-0.492097
-0.237187	-0.099500	4.090146	-0.494770
-0.348214	-0.134938	-26.683033	-0.498352
-0.258425	-0.171281	7.691889	-0.496727
-0.166748	-0.186745	34.910468	-0.501036
-0.019293	-0.180692	84.806227	-0.504289
0.233840	-0.171525	180.636830	-0.501050
0.421147	-0.158652	222.427355	-0.501908
0.457881	-0.138702	237.021733	-0.503584
0.503300	-0.114549	274.730520	-0.499919
0.489410	-0.101621	298.295079	-0.503770
0.310184	-0.110656	267.814246	-0.506531
0.158322	-0.129621	256.001208	-0.507793
0.064769	-0.133572	260.706853	-0.511117
-0.045746	-0.103392	243.864555	-0.514074
-0.126907	-0.045961	252.939175	-0.513561
-0.088982	0.028413	265.827132	-0.517840
-0.110846	0.116860	244.474847	-0.518656
-0.170096	0.217688	201.104418	-0.517999
-0.191824	0.318365	181.013691	-0.509664
-0.260890	0.407301	132.224709	-0.475828
-0.419637	0.463713	45.136303	-0.453797
-0.553133	0.448077	-19.160801	-0.444664
-0.665620	0.350963	-102.724288	-0.442175
-0.800556	0.222446	-188.406575	-0.438757
-0.821958	0.114475	-192.065458	-0.443551
-0.554536	0.032618	-132.784857	-0.446499
-0.274423	-0.032290	-83.281543	-0.449863
-0.010602	-0.074117	-29.892277	-0.457504
0.334815	-0.088824	43.095773	-0.461520
0.637453	-0.075728	105.028348	-0.462637
0.686352	-0.057325	131.320950	-0.468588
0.706854	-0.057021	141.144365	-0.470813
0.660496	-0.070936	148.981308	-0.473936
0.403551	-0.082817	92.656334	-0.479856
0.144073	-0.086214	51.941264	-0.486187
-0.015838	-0.088640	53.097421	-0.489038
-0.201718	-0.105027	8.346271	-0.496840
-0.333828	-0.138422	-16.403751	-0.498210
-0.286209	-0.171795	2.514487	-0.498686
-0.156775	-0.185190	39.579520	-0.501555
-0.024957	-0.178800	90.940961	-0.500742
0.199779	-0.168604	163.847278	-0.500204
0.398776	-0.157239	226.261604	-0.503373
0.462940	-0.140778	235.861189	-0.502073
0.479986	-0.118481	267.770685	-0.502762
0.471518	-0.105674	294.235010	-0.504964
0.342888	-0.112881	272.628302	-0.504953
0.167557	-0.129364	261.373844	-0.506705
0.069498	-0.131912	256.424445	-0.511274
-0.013008	-0.102094	256.271792	-0.511704
-0.099912	-0.044507	256.537316	-0.514667
-0.102994	0.028687	259.519426	-0.517457
-0.105258	0.111779	249.724074	-0.518763
-0.165532	0.203389	202.908284	-0.519879
-0.216889	0.299430	175.301221	-0.513926
-0.276507	0.394335	136.239589	-0.478794
-0.398517	0.466062	60.475166	-0.457272
-0.539485	0.458413	-10.928853	-0.449376
-0.660514	0.358358	-99.382969	-0.444410
-0.798851	0.226624	-184.609185	-0.443265
-0.823366	0.121881	-196.076525	-0.447198
-0.576830	0.041776	-136.122594	-0.448672
-0.284762	-0.026835	-84.026630	-0.455516
-0.037958	-0.075752	-38.324094	-0.460479
0.314808	-0.092565	37.394939	-0.462297
0.623066	-0.078369	101.266872	-0.467170
0.676966	-0.057632	129.521346	-0.471539
0.702759	-0.056659	143.858578	-0.473325
0.676530	-0.071084	149.753427	-0.478873
0.419777	-0.082046	99.969830	-0.483290
0.153560	-0.084882	52.219681	-0.486154
0.005584	-0.086030	58.466484	-0.493791
-0.204430	-0.102758	16.950326	-0.498694
-0.345785	-0.138559	-25.018561	-0.499040
-0.295655	-0.175224	4.154966	-0.500804
-0.183096	-0.190751	35.409253	-0.503643
-0.047446	-0.186656	81.627157	-0.502026
0.185547	-0.176597	166.324178	-0.503673
0.392092	-0.162735	224.263353	-0.503597
0.463197	-0.142628	236.547398	-0.502333
0.498727	-0.119580	271.851975	-0.504057
0.490856	-0.103524	299.947921	-0.505192
0.352984	-0.106935	274.175839	-0.506181
0.183431	-0.124107	265.176472	-0.510181
0.071081	-0.132013	258.917032	-0.512237
-0.029752	-0.105895	249.206833	-0.511995
-0.130200	-0.051665	253.056308	-0.517378
-0.115049	0.019398	256.658273	-0.518506
-0.135672	0.102847	247.073813	-0.516850
-0.181954	0.197738	204.793981	-0.520459
-0.216052	0.299172	183.255288	-0.514001
-0.266633	0.394756	142.690088	-0.478727
-0.399444	0.460420	64.148856	-0.458226
-0.526769	0.453037	-6.889648	-0.447867
-0.658028	0.359871	-91.791456	-0.441928
-0.780860	0.232746	-177.315134	-0.444183
-0.820278	0.125417	-193.482992	-0.444237
-0.595436	0.042551	-133.344304	-0.446708
-0.302199	-0.026331	-87.701636	-0.453302
-0.058088	-0.073055	-41.712949	-0.458103
0.273816	-0.086411	39.405630	-0.461945
0.603189	-0.074530	93.876648	-0.466201
0.674974	-0.055683	132.852525	-0.469214
0.671803	-0.057302	138.184503	-0.472980
0.676269	-0.073389	142.112583	-0.478475
0.427249	-0.085502	111.803731	-0.481141
0.149252	-0.088819	48.136791	-0.486719
0.018558	-0.090902	61.414092	-0.494532
-0.185940	-0.106695	27.950377	-0.495234
-0.331527	-0.140569	-22.988200	-0.497271
-0.295960	-0.174739	10.578469	-0.499797
-0.169407	-0.188819	40.276544	-0.499977
-0.049342	-0.184454	87.512881	-0.500859
0.171497	-0.175970	162.700603	-0.502930
0.379324	-0.165093	224.806760	-0.500963
0.451104	-0.144961	239.048441	-0.501132
0.471740	-0.121067	266.818780	-0.503209
0.476478	-0.104435	305.530525	-0.502578
0.347145	-0.107335	277.283429	-0.504536
0.170927	-0.123083	262.078830	-0.508095
0.061647	-0.129737	262.106475	-0.508256
-0.021315	-0.103716	251.401127	-0.511547
-0.135490	-0.048825	257.133104	-0.515922
-0.122934	0.022431	259.227640	-0.516202
-0.127376	0.105705	253.582244	-0.518057
-0.185770	0.204772	208.128343	-0.520134
-0.228843	0.302041	177.545555	-0.511800
-0.268532	0.391941	143.808639	-0.479208
-0.421998	0.457769	53.943789	-0.457336
-0.550919	0.452836	-19.206214	-0.445555
-0.653572	0.359943	-91.218916	-0.442252
-0.791616	0.230360	-183.452035	-0.442987
-0.838901	0.121741	-196.867270	-0.443936
-0.580524	0.038522	-135.145507	-0.448858
-0.291757	-0.026996	-86.332790	-0.451858
-0.061761	-0.071962	-39.014676	-0.456981
0.308131	-0.087301	38.307489	-0.463224
0.619867	-0.076679	102.054349	-0.467176
0.668605	-0.059524	126.099514	-0.469353
0.689152	-0.061043	135.834755	-0.474021
0.682950	-0.074728	155.735159	-0.478863
0.406551	-0.086737	100.294387	-0.480961
0.159360	-0.090588	51.819937	-0.487396
0.002634	-0.092354	67.133431	-0.493625
-0.198368	-0.107099	15.542361	-0.495558
