MBK	ACC	OVV	EGG
-0.492566	-0.088316	25.032677	0.001593
-0.481060	-0.092703	-78.486710	0.001618
-0.516772	-0.072337	-40.443609	0.001635
-0.425074	-0.036591	-62.241435	0.001540
-0.256739	0.003366	-70.585367	0.001750
-0.180226	0.034574	-11.608953	0.001619
-0.009609	0.051822	32.194395	0.001563
0.197416	0.054013	18.472605	0.001365
0.257868	0.045228	118.656928	0.000890
0.360937	0.026838	143.375547	0.000354
0.465307	0.004401	173.205109	0.000045
0.416426	-0.015793	233.276730	-0.000257
0.387475	-0.026175	234.746501	-0.000910
0.362850	-0.026555	240.183744	-0.001164
0.236276	-0.025201	261.113114	-0.001659
0.132650	-0.024281	244.534619	-0.002058
0.052373	-0.025176	221.804988	-0.002388
-0.073324	-0.031248	215.189181	-0.002665
-0.161005	-0.039384	180.637426	-0.002717
-0.194245	-0.051575	184.827883	-0.002726
-0.230472	-0.065919	163.283467	-0.002683
-0.243353	-0.074265	172.646545	-0.002793
-0.199752	-0.072566	170.298219	-0.002720
-0.140379	-0.062796	192.890782	-0.002666
-0.079844	-0.044756	211.676533	-0.002655
0.015728	-0.023555	243.368468	-0.002729
0.104663	-0.001482	261.115728	-0.002688
0.164105	0.020172	301.186063	-0.002736
0.225460	0.040396	319.008744	-0.002789
0.264784	0.058551	341.628243	-0.002620
0.253134	0.075037	349.333615	-0.002721
0.222070	0.091867	339.010960	-0.002320
0.167256	0.109447	318.990158	0.000242
0.070039	0.106421	279.417690	0.001619
-0.049913	0.070327	224.001904	0.001594
-0.170657	0.020636	158.051019	0.001584
-0.316842	-0.027870	55.913395	0.001595
-0.463324	-0.067577	41.768365	0.001751
-0.480474	-0.091374	11.301257	0.001580
-0.474714	-0.090899	-80.601097	0.001740
-0.513904	-0.066077	-36.453611	0.001629
-0.399012	-0.028559	-68.219416	0.001690
-0.239188	0.011903	-68.526119	0.001736
-0.170578	0.041075	-0.054532	0.001718
0.021855	0.055118	26.951261	0.001511
0.210470	0.055173	23.546101	0.001126
0.258907	0.043875	129.469756	0.000766
0.377191	0.023977	138.590909	0.000103
0.464031	0.001581	183.546659	-0.000256
0.407637	-0.017732	234.148041	-0.000689
0.391332	-0.026080	231.619590	-0.001233
0.353534	-0.026086	239.354392	-0.001503
0.223536	-0.024665	261.526450	-0.002121
0.130977	-0.023867	235.525514	-0.002461
0.049207	-0.024851	221.868340	-0.002626
-0.072971	-0.030738	207.662513	-0.002851
-0.151086	-0.038156	174.175779	-0.002769
-0.185567	-0.050092	181.011271	-0.002630
-0.220428	-0.063562	160.390621	-0.002731
-0.229113	-0.071204	170.643458	-0.002643
-0.182773	-0.069985	167.858331	-0.002741
-0.129496	-0.060070	188.407501	-0.002744
-0.070923	-0.043463	214.126482	-0.002730
0.027203	-0.022107	239.347107	-0.002758
0.108536	0.000473	259.449624	-0.002693
0.164135	0.021789	303.433566	-0.002802
0.233347	0.041072	310.236946	-0.002767
0.260486	0.059040	335.956971	-0.002663
0.244006	0.076034	347.610748	-0.002729
0.226708	0.093729	330.099859	-0.002232
0.166966	0.110333	315.881635	0.000038
0.067960	0.103903	274.716127	0.001471
-0.042413	0.067118	210.657153	0.001548
-0.173778	0.017804	153.239866	0.001596
-0.318882	-0.029575	55.914998	0.001638
-0.447552	-0.069373	36.941585	0.001645
-0.473458	-0.090944	8.540078	0.001640
-0.472718	-0.088961	-77.948960	0.001746
-0.499809	-0.062548	-41.359418	0.001592
-0.389942	-0.024098	-61.170945	0.001613
-0.235122	0.015412	-65.086685	0.001594
-0.158929	0.044307	0.141360	0.001410
0.026237	0.057292	27.924303	0.001264
0.208785	0.056941	26.988810	0.000764
0.260768	0.044571	130.177035	0.000480
0.374855	0.024402	141.771458	-0.000068
0.454698	0.001511	183.308636	-0.000395
0.397771	-0.016287	229.704184	-0.000981
0.380599	-0.024033	228.111880	-0.001505
0.339097	-0.023632	235.487874	-0.001852
0.211267	-0.022313	258.962146	-0.002333
0.121464	-0.020546	229.641747	-0.002941
0.035682	-0.021825	221.246018	-0.002754
-0.083072	-0.027371	202.758906	-0.002689
-0.153611	-0.034830	178.058743	-0.002795
-0.187361	-0.046724	177.139436	-0.002688
-0.218431	-0.061301	160.692130	-0.002765
-0.221590	-0.068730	165.022060	-0.002816
-0.177262	-0.067783	168.291317	-0.002736
-0.124886	-0.057474	186.115928	-0.002802
-0.061724	-0.040670	214.705737	-0.002654
0.033841	-0.018648	238.264176	-0.002624
0.112649	0.004222	260.491732	-0.002748
0.165666	0.026509	300.645868	-0.002825
0.227694	0.045605	310.888632	-0.002684
0.254894	0.063562	335.327156	-0.002760
0.237996	0.079773	342.757015	-0.002715
0.216899	0.096615	329.719739	-0.002393
0.158160	0.112403	311.161672	-0.000071
0.057946	0.105712	272.555253	0.001387
-0.053680	0.067811	211.548583	0.001548
-0.176416	0.019844	153.378209	0.001651
-0.319385	-0.027341	49.436009	0.001642
-0.449147	-0.065799	47.017539	0.001550
-0.460158	-0.088246	1.577124	0.001569
-0.463533	-0.085037	-75.623463	0.001625
-0.494824	-0.059606	-30.466098	0.001640
-0.366612	-0.021521	-67.937482	0.001631
-0.227077	0.018019	-60.896768	0.001598
-0.160864	0.047165	7.968331	0.001355
0.041416	0.060423	22.622785	0.001213
0.205563	0.059909	27.827026	0.000841
0.247958	0.047610	137.579229	0.000399
0.377930	0.028671	133.410819	-0.000051
0.444076	0.006194	186.536093	-0.000643
0.381607	-0.011542	229.388964	-0.000959
0.380982	-0.018677	225.254238	-0.001483
0.332547	-0.018756	235.849295	-0.002057
0.202221	-0.017510	259.443365	-0.002428
0.127269	-0.016781	225.090160	-0.002756
0.039678	-0.018382	220.872855	-0.002824
-0.083190	-0.024181	201.882699	-0.002681
-0.142419	-0.031918	177.653552	-0.002617
-0.176962	-0.044065	176.294084	-0.002740
-0.216479	-0.057855	162.435713	-0.002643
-0.213699	-0.065104	167.785265	-0.002789
-0.166045	-0.064009	166.004554	-0.002749
-0.121393	-0.053495	189.280807	-0.002689
-0.056865	-0.036382	214.597136	-0.002602
0.040420	-0.014161	235.902104	-0.002669
0.110125	0.009006	262.097654	-0.002824
0.165506	0.031363	300.750052	-0.002785
0.231680	0.050904	309.306020	-0.002706
0.250296	0.069543	338.244732	-0.002752
0.233429	0.087077	339.969936	-0.002870
0.216228	0.106102	327.808156	-0.002162
0.149561	0.120340	306.983445	0.000284
0.048371	0.106704	266.097880	0.001642
-0.059648	0.064974	203.075701	0.001554
-0.189643	0.014213	137.878135	0.001595
-0.342304	-0.033353	49.035781	0.001569
-0.449879	-0.070927	47.334425	0.001660
-0.453895	-0.090736	-17.790645	0.001654
-0.475907	-0.083985	-70.758322	0.001677
-0.485069	-0.054903	-35.826800	0.001613
-0.345263	-0.013703	-75.696582	0.001612
-0.223664	0.025846	-50.715859	0.001676
-0.136709	0.053069	5.409973	0.001506
0.072659	0.064834	17.067896	0.001129
0.208389	0.062558	39.034957	0.000810
0.265629	0.049203	136.832441	0.000325
0.397466	0.028255	130.429486	-0.000093
0.439003	0.005939	196.684210	-0.000422
0.384407	-0.010698	222.388355	-0.000930
0.386561	-0.016650	226.531337	-0.001430
0.318932	-0.016320	237.221194	-0.001735
0.195649	-0.015499	256.647742	-0.002254
0.123785	-0.014817	220.620042	-0.002490
0.027625	-0.017748	218.084868	-0.002740
-0.089928	-0.023535	191.344320	-0.002697
-0.142815	-0.031492	177.420295	-0.002741
-0.179364	-0.043648	170.817538	-0.002718
-0.215602	-0.057841	161.561023	-0.002742
-0.206518	-0.064682	160.729070	-0.002789
-0.160748	-0.061855	162.074720	-0.002844
-0.119726	-0.050767	186.029536	-0.002783
-0.047947	-0.033457	215.045471	-0.002680
0.049173	-0.011633	230.920499	-0.002674
0.111594	0.011161	266.210819	-0.002614
0.174962	0.032863	296.622276	-0.002782
0.237356	0.052202	305.677222	-0.002815
0.245210	0.069892	338.415501	-0.002744
0.237966	0.086074	336.117048	-0.002685
0.217847	0.103324	321.987019	-0.002218
0.143387	0.117286	309.100836	0.000364
0.053290	0.104986	258.804595	0.001723
-0.055770	0.065222	202.335191	0.001600
-0.189215	0.014947	141.100093	0.001506
-0.325640	-0.032952	41.875779	0.001420
-0.440707	-0.070352	42.406123	0.001589
-0.451960	-0.090520	-11.753984	0.001569
-0.454955	-0.085181	-73.884949	0.001635
-0.468517	-0.056715	-39.311230	0.001524
-0.340497	-0.016075	-70.280371	0.001644
-0.206423	0.024345	-58.915258	0.001736
-0.124590	0.052986	7.865434	0.001473
0.072562	0.065013	17.435054	0.001266
0.221221	0.063367	37.504610	0.000905
0.273982	0.050218	133.812621	0.000353
0.397571	0.030476	133.545939	-0.000048
0.443732	0.007401	189.439754	-0.000553
0.387869	-0.010188	223.439007	-0.000927
0.383750	-0.017532	223.054845	-0.001439
0.321749	-0.017576	235.494525	-0.001796
0.202420	-0.016669	254.563322	-0.002310
0.126136	-0.015978	220.077803	-0.002580
0.030989	-0.018311	220.367621	-0.002727
-0.077659	-0.024469	194.541492	-0.002711
-0.133175	-0.032292	174.883592	-0.002802
-0.171848	-0.044762	171.240710	-0.002797
-0.198750	-0.058416	158.857443	-0.002691
-0.191495	-0.064716	159.306577	-0.002728
-0.147759	-0.062844	167.250934	-0.002718
-0.098306	-0.051459	186.379826	-0.002776
-0.028786	-0.032474	214.519388	-0.002703
0.062001	-0.010568	237.119124	-0.002692
0.133317	0.012217	263.870537	-0.002788
0.190284	0.032658	295.626874	-0.002769
0.246557	0.051920	310.672189	-0.002858
0.262374	0.070571	336.929831	-0.002590
0.249610	0.087768	337.829029	-0.002818
0.222765	0.104404	325.137458	-0.002184
0.153412	0.118129	305.594627	0.000312
0.054739	0.104634	255.757806	0.001595
-0.060613	0.062194	204.573785	0.001645
-0.184491	0.010677	135.223417	0.001648
-0.330382	-0.036958	38.092763	0.001708
-0.446446	-0.074645	49.427192	0.001618
-0.442888	-0.093594	-19.571481	0.001672
-0.452934	-0.086209	-74.570902	0.001622
-0.469497	-0.056633	-33.514875	0.001711
-0.322233	-0.015429	-75.529542	0.001808
-0.195011	0.024789	-55.451842	0.001524
-0.117693	0.052649	12.792166	0.001450
0.094792	0.064006	15.227150	0.001288
0.235349	0.061588	41.294082	0.000828
0.282542	0.047298	139.650443	0.000378
0.413276	0.026452	131.267777	-0.000183
0.452105	0.004809	197.288873	-0.000546
0.392118	-0.012435	224.645668	-0.001037
0.390720	-0.018467	224.197444	-0.001341
0.322860	-0.017945	238.331377	-0.002003
0.198224	-0.017737	253.291476	-0.002411
0.122550	-0.017693	220.743308	-0.002662
0.029350	-0.020695	220.325209	-0.002734
-0.084588	-0.027411	187.783450	-0.002912
-0.141301	-0.034889	180.549046	-0.002746
-0.170388	-0.046912	166.610587	-0.002709
-0.201399	-0.059896	159.672385	-0.002888
-0.195149	-0.066664	162.219789	-0.002686
-0.139549	-0.063377	164.589804	-0.002711
-0.097036	-0.051878	183.410085	-0.002714
-0.031493	-0.033721	220.377007	-0.002800
0.072162	-0.012320	228.427818	-0.002636
0.133340	0.009677	268.060779	-0.002832
0.186915	0.029870	297.643459	-0.002750
0.252652	0.048272	306.305281	-0.002709
0.255024	0.065478	339.335378	-0.002652
0.241324	0.081254	341.293156	-0.002847
0.221322	0.098033	320.725396	-0.002282
0.143858	0.113320	313.364868	0.000042
0.049973	0.103298	259.226244	0.001573
-0.055511	0.064140	203.700837	0.001520
-0.190229	0.014546	144.412438	0.001519
-0.325724	-0.033625	40.956179	0.001557
-0.442619	-0.071478	41.775618	0.001590
-0.455147	-0.092790	-6.698453	0.001620
-0.453459	-0.088778	-79.856217	0.001711
-0.471104	-0.061436	-35.440158	0.001598
-0.341005	-0.021831	-69.851039	0.001688
-0.201029	0.018914	-61.301513	0.001682
-0.127095	0.047394	9.632408	0.001516
0.074008	0.060213	21.225480	0.001031
0.227195	0.059576	34.194090	0.000840
0.274507	0.046709	137.338891	0.000393
0.397254	0.026572	133.040579	-0.000151
0.450379	0.004264	190.049315	-0.000463
0.385905	-0.013438	226.945574	-0.000989
0.379031	-0.021031	225.190582	-0.001474
0.319147	-0.021419	235.807415	-0.001898
0.193493	-0.020613	254.711301	-0.002354
0.113115	-0.020849	221.922975	-0.002709
0.023259	-0.023253	220.915476	-0.002758
-0.089901	-0.029577	188.171625	-0.002603
-0.150701	-0.036922	181.016081	-0.002791
-0.178925	-0.048396	171.737094	-0.002585
-0.205663	-0.061359	157.460590	-0.002713
-0.204567	-0.067974	164.438194	-0.002620
-0.151390	-0.065805	167.359383	-0.002718
-0.100494	-0.054170	181.555230	-0.002774
-0.043074	-0.037543	220.799549	-0.002744
0.059527	-0.017398	232.505194	-0.002728
0.128262	0.004359	261.342858	-0.002653
0.170316	0.024676	300.200186	-0.002809
0.237047	0.042583	307.985510	-0.002779
0.250642	0.059983	335.781052	-0.002747
0.225465	0.076149	346.847606	-0.002688
0.210132	0.092852	325.369510	-0.002419
0.141787	0.109058	312.770878	-0.000190
0.039280	0.104416	271.852086	0.001493
-0.059744	0.070312	211.776936	0.001601
-0.187177	0.021645	153.597127	0.001647
-0.327524	-0.026341	55.378626	0.001601
-0.448173	-0.065543	34.857478	0.001690
-0.471461	-0.090156	6.878638	0.001631
-0.468377	-0.090749	-79.452139	0.001675
-0.490099	-0.066696	-44.005952	0.001693
-0.380315	-0.029758	-62.755167	0.001678
-0.228033	0.009755	-68.809575	0.001492
-0.153390	0.041017	-1.397742	0.001418
0.028677	0.056891	25.492157	0.001291
0.207199	0.058027	25.337798	0.000903
0.260226	0.047133	126.446796	0.000422
0.372230	0.027586	139.553894	-0.000066
0.449285	0.005897	176.727610	-0.000399
0.389065	-0.012954	229.084045	-0.000861
0.370851	-0.021777	226.888526	-0.001387
0.328177	-0.022146	232.131865	-0.001720
0.200140	-0.022032	257.778136	-0.002154
0.113387	-0.021135	227.740942	-0.002461
0.029939	-0.023069	219.370797	-0.002808
-0.088837	-0.029250	200.591547	-0.002844
-0.155451	-0.037023	179.744349	-0.002639
-0.186702	-0.048560	171.640555	-0.002669
-0.218029	-0.062776	162.178515	-0.002627
-0.215447	-0.070818	161.444087	-0.002792
-0.165202	-0.068894	169.760524	-0.002638
-0.112722	-0.058503	181.635079	-0.002677
-0.049423	-0.041502	216.703852	-0.002747
0.046205	-0.020216	230.775897	-0.002735
0.120602	0.001604	263.831622	-0.002812
0.171947	0.021463	295.171915	-0.002815
0.234032	0.039468	313.068085	-0.002636
0.251866	0.055062	335.941144	-0.002714
0.235032	0.070971	350.181877	-0.002723
0.214507	0.086668	330.915185	-0.002740
0.150155	0.105626	324.940675	-0.000920
0.055728	0.107821	282.065360	0.001145
-0.047007	0.078783	223.854786	0.001660
-0.174356	0.032158	172.358409	0.001523
-0.307757	-0.016079	66.423990	0.001557
-0.442949	-0.058026	38.880741	0.001561
-0.483031	-0.086352	23.460705	0.001550
-0.471535	-0.092078	-74.258469	0.001580
-0.503363	-0.072540	-42.528275	0.001569
-0.414200	-0.037325	-59.161151	0.001620
-0.249724	0.002956	-72.156235	0.001610
-0.176171	0.036306	-12.251688	0.001529
-0.007963	0.053897	28.952294	0.001488
0.187126	0.058492	15.071968	0.000844
0.250602	0.050902	119.113144	0.000558
0.353244	0.031824	137.872735	0.000117
0.447938	0.008535	173.590785	-0.000390
0.400361	-0.012397	224.916902	-0.000834
0.374949	-0.022842	232.706966	-0.001373
0.343130	-0.024135	232.882108	-0.001718
0.221868	-0.022872	262.677833	-0.002112
0.127730	-0.021384	235.073591	-0.002382
0.044427	-0.022730	224.328047	-0.002739
-0.073123	-0.028672	207.406283	-0.002818
-0.151870	-0.036476	181.198711	-0.002761
-0.189310	-0.048233	176.774704	-0.002668
-0.217864	-0.062385	164.011915	-0.002676
-0.219353	-0.070828	162.312528	-0.002620
-0.179444	-0.070497	168.735234	-0.002697
-0.123391	-0.061597	182.258188	-0.002755
-0.059771	-0.045236	210.522035	-0.002772
0.032279	-0.024308	232.927740	-0.002755
0.114829	-0.002913	259.775565	-0.002791
0.171680	0.018115	291.709415	-0.002666
0.228421	0.036381	315.178485	-0.002750
0.255161	0.053471	335.735823	-0.002706
0.243306	0.069778	353.318471	-0.002676
0.219735	0.084459	337.362416	-0.002696
0.162156	0.101873	329.652826	-0.001039
0.070928	0.108991	289.072768	0.001091
-0.035027	0.084726	236.236772	0.001508
-0.158873	0.039779	183.831269	0.001607
-0.284756	-0.009667	85.479835	0.001573
-0.427628	-0.051927	27.129496	0.001575
-0.493602	-0.082667	39.649132	0.001638
-0.467732	-0.092430	-67.832073	0.001733
-0.495602	-0.076920	-55.370046	0.001527
-0.443802	-0.043904	-47.916373	0.001668
-0.266030	-0.002707	-76.437981	0.001691
-0.179213	0.031955	-26.983419	0.001503
-0.049497	0.053552	34.158694	0.001313
0.172927	0.059468	12.796724	0.001025
0.255097	0.051552	98.222826	0.000535
0.327899	0.033530	148.166203	-0.000129
0.446350	0.011098	160.465693	-0.000279
0.419121	-0.009955	222.545338	-0.000846
0.368416	-0.022867	234.907704	-0.001226
0.355244	-0.024559	233.728693	-0.001693
0.247798	-0.023263	257.190679	-0.002108
0.132642	-0.021624	247.747793	-0.002523
0.056039	-0.022699	222.384306	-0.002780
-0.053243	-0.028080	217.295691	-0.002798
-0.148413	-0.036060	185.676547	-0.002742
-0.185887	-0.046815	183.378515	-0.002833
