MBK	ACC	OVV	EGG
-0.189036	0.149825	142.485135	0.001470
-0.344887	0.077551	-20.490558	0.001580
-0.520091	0.000469	-215.081508	0.001646
-0.786705	-0.069873	-255.889753	0.001563
-0.758581	-0.116392	-61.105536	0.001484
-0.347385	-0.124274	-17.962762	0.001611
-0.114448	-0.092845	-41.107155	0.001576
-0.045520	-0.034264	103.927502	0.001689
0.355611	0.032405	220.678270	0.001616
0.706811	0.082919	277.871384	0.001657
0.610962	0.100808	276.127674	0.001450
0.529226	0.090907	267.138667	0.001165
0.541860	0.059116	189.316911	0.000609
0.279706	0.007267	152.886333	-0.000074
-0.081082	-0.049053	93.615861	-0.000677
-0.252165	-0.088509	98.499878	-0.001099
-0.360001	-0.103712	15.685135	-0.001667
-0.488740	-0.093287	-30.809047	-0.002086
-0.487848	-0.061788	60.480751	-0.002428
-0.273080	-0.022917	132.968476	-0.002791
-0.088487	0.009192	125.913942	-0.002581
-0.017625	0.026220	199.827415	-0.002745
0.176071	0.022110	254.690303	-0.002942
0.396291	-0.001403	276.429957	-0.002784
0.396352	-0.038165	327.243134	-0.002899
0.382333	-0.075809	358.074253	-0.002859
0.438545	-0.099344	368.563317	-0.002730
0.351849	-0.107206	364.431354	-0.002768
0.174579	-0.103055	343.900523	-0.002720
0.076688	-0.087542	350.256212	-0.002750
0.003580	-0.063680	325.638488	-0.002677
-0.114923	-0.038595	307.909076	-0.002688
-0.171100	-0.009125	358.327912	-0.002548
-0.088557	0.027434	384.697533	-0.002729
-0.027566	0.065358	368.082572	-0.002700
-0.033691	0.105062	392.991995	-0.002692
0.027385	0.149124	362.235317	-0.001429
0.044132	0.181715	268.104468	0.001287
-0.121371	0.166430	179.686860	0.001663
-0.288033	0.103284	49.564511	0.001562
-0.441169	0.026811	-152.185253	0.001707
-0.703394	-0.047139	-263.780418	0.001597
-0.821855	-0.103987	-143.200889	0.001697
-0.506382	-0.126878	0.418660	0.001697
-0.167335	-0.109032	-62.289845	0.001545
-0.089994	-0.058371	54.885729	0.001707
0.183760	0.008042	174.896436	0.001568
0.628524	0.067187	277.729728	0.001661
0.673201	0.096773	263.801049	0.001685
0.542719	0.095963	285.490976	0.001289
0.558963	0.071110	206.638928	0.000589
0.411859	0.026121	174.607593	0.000077
0.040902	-0.031104	110.135860	-0.000398
-0.199547	-0.078429	104.352428	-0.000899
-0.314101	-0.101917	53.595663	-0.001196
-0.442730	-0.099818	-27.085794	-0.001805
-0.511545	-0.074654	23.797494	-0.002105
-0.357400	-0.036248	120.798003	-0.002561
-0.142789	-0.000988	123.494513	-0.002806
-0.054929	0.021108	165.862870	-0.002727
0.083730	0.023086	241.516535	-0.002630
0.331790	0.006846	261.145500	-0.002683
0.405379	-0.026911	311.875448	-0.002724
0.378878	-0.065734	352.062047	-0.002759
0.437579	-0.093348	372.154122	-0.002905
0.416133	-0.105280	372.605617	-0.002787
0.249344	-0.104743	357.017603	-0.002583
0.119857	-0.092001	352.275525	-0.002765
0.044351	-0.071432	343.676603	-0.002604
-0.065733	-0.046800	312.851583	-0.002686
-0.163238	-0.019722	337.936398	-0.002670
-0.128862	0.015108	385.479180	-0.002659
-0.049680	0.054075	372.114359	-0.002871
-0.039768	0.094025	387.030530	-0.002716
-0.011902	0.137135	377.011601	-0.002176
0.040398	0.175993	302.388464	0.000510
-0.067424	0.178422	190.109180	0.001651
-0.253363	0.125724	97.549422	0.001576
-0.393651	0.049024	-91.673093	0.001476
-0.602525	-0.026703	-246.053436	0.001580
-0.819896	-0.090158	-220.050530	0.001690
-0.637272	-0.124357	7.746067	0.001608
-0.211182	-0.119133	-55.921482	0.001703
-0.081213	-0.076067	8.576460	0.001627
0.046525	-0.012797	140.960351	0.001592
0.522301	0.051176	260.649981	0.001613
0.723517	0.091055	265.819071	0.001603
0.557518	0.097924	285.144781	0.001291
0.540208	0.080412	232.653920	0.000824
0.500317	0.041304	180.789804	0.000009
0.154226	-0.014320	134.749316	-0.000374
-0.153035	-0.066680	89.754677	-0.000961
-0.281170	-0.098174	89.339327	-0.001398
-0.392186	-0.103201	-13.635444	-0.001915
-0.496214	-0.084610	1.214762	-0.002256
-0.418093	-0.048063	94.897972	-0.002630
-0.187657	-0.010466	140.969534	-0.002791
-0.056723	0.016351	136.533439	-0.002723
0.028459	0.025324	235.830745	-0.002611
0.260617	0.014471	256.930629	-0.002667
0.414500	-0.015075	297.157932	-0.002740
0.378097	-0.053280	339.311061	-0.002561
0.402931	-0.085875	373.630645	-0.002793
0.439434	-0.102868	375.186696	-0.002746
0.304981	-0.106852	359.831373	-0.002669
0.138863	-0.097424	348.770348	-0.002914
0.067434	-0.078508	351.276475	-0.002770
-0.011756	-0.053344	325.074423	-0.002769
-0.132856	-0.027815	319.204702	-0.002831
-0.150212	0.006509	380.930573	-0.002717
-0.057970	0.044901	376.923230	-0.002663
-0.028381	0.083499	380.765493	-0.002750
-0.032169	0.122606	383.664455	-0.002558
0.028711	0.164890	328.854535	-0.000360
-0.025199	0.183152	216.787000	0.001471
-0.210492	0.145126	142.505850	0.001614
-0.347983	0.073200	-26.114040	0.001610
-0.523455	-0.002870	-212.425431	0.001501
-0.794087	-0.070705	-263.008525	0.001574
-0.745034	-0.115350	-37.169252	0.001567
-0.313282	-0.122642	-32.024936	0.001677
-0.098816	-0.090261	-31.839459	0.001650
-0.044090	-0.032651	103.544897	0.001692
0.378936	0.033652	229.460633	0.001617
0.717863	0.083159	272.165859	0.001474
0.597076	0.099401	277.432295	0.001218
0.526797	0.088408	264.190831	0.000789
0.545188	0.055529	183.117133	0.000216
0.265435	0.003960	156.354932	-0.000272
-0.091201	-0.050775	87.548563	-0.000870
-0.249853	-0.088963	112.578657	-0.001355
-0.354436	-0.102613	8.646497	-0.001780
-0.482610	-0.090689	-14.464117	-0.002234
-0.474735	-0.058054	63.835685	-0.002571
-0.255947	-0.019578	145.873460	-0.002803
-0.087077	0.011446	118.668018	-0.002785
-0.028031	0.025201	209.554318	-0.002812
0.169024	0.018720	250.272312	-0.002742
0.387342	-0.005960	279.139520	-0.002696
0.376318	-0.042511	324.711995	-0.002841
0.371816	-0.077042	369.815882	-0.002674
0.446309	-0.097266	380.982620	-0.002728
0.364997	-0.103793	369.133960	-0.002871
0.179269	-0.098771	350.592277	-0.002706
0.088085	-0.081962	354.243150	-0.002735
0.019645	-0.059654	331.091140	-0.002647
-0.107164	-0.036486	310.365309	-0.002661
-0.166000	-0.006967	365.101703	-0.002763
-0.083163	0.031655	382.789825	-0.002708
-0.032422	0.072168	377.312499	-0.002692
-0.041523	0.112289	394.608499	-0.002849
0.013461	0.158783	357.190547	-0.001374
0.008221	0.189167	248.452454	0.001129
-0.163392	0.166245	164.473523	0.001678
-0.313880	0.098079	28.548096	0.001630
-0.471044	0.019741	-184.140406	0.001623
-0.749391	-0.053943	-267.175364	0.001624
-0.811746	-0.108707	-110.959351	0.001491
-0.428792	-0.126257	6.891314	0.001588
-0.128309	-0.103330	-64.954122	0.001667
-0.080125	-0.048351	84.608979	0.001724
0.248043	0.018920	186.990780	0.001670
0.674620	0.076152	289.263642	0.001484
0.647522	0.101072	259.669805	0.001384
0.527456	0.096502	288.405488	0.000717
0.556461	0.068895	196.319436	0.000379
0.371855	0.020381	171.670518	-0.000454
-0.009774	-0.037348	99.681579	-0.000944
-0.218252	-0.081746	115.026444	-0.001630
-0.317366	-0.101071	41.522851	-0.001950
-0.451676	-0.094837	-18.690699	-0.002432
-0.500119	-0.066898	51.096059	-0.002783
-0.312087	-0.027928	124.593103	-0.002826
-0.122341	0.005726	133.230463	-0.002589
-0.053161	0.024092	181.758479	-0.002553
0.107307	0.022881	252.613397	-0.002722
0.338499	0.003268	274.152688	-0.002807
0.381258	-0.031250	325.206748	-0.002912
0.365450	-0.067878	361.335028	-0.002814
0.429762	-0.091388	394.932573	-0.002727
0.394364	-0.101017	376.805301	-0.002817
0.217588	-0.097749	361.853321	-0.002738
0.098176	-0.084066	365.793721	-0.002739
0.040614	-0.063032	336.805559	-0.002654
-0.085209	-0.039404	315.107711	-0.002728
-0.183378	-0.010781	355.307499	-0.002761
-0.115132	0.028082	383.762927	-0.002770
-0.049555	0.069979	372.076741	-0.002754
-0.065763	0.110084	391.471274	-0.002640
-0.019035	0.154251	352.824191	-0.001757
0.001434	0.189553	261.151857	0.000950
-0.154449	0.175485	167.536485	0.001730
-0.308177	0.110486	62.496049	0.001594
-0.433529	0.032182	-145.487995	0.001610
-0.692054	-0.041904	-278.078387	0.001475
-0.834239	-0.099293	-140.900665	0.001496
-0.488613	-0.123238	22.022585	0.001503
-0.121754	-0.106497	-67.950544	0.001681
-0.094713	-0.055374	60.879740	0.001707
0.160842	0.010603	171.207965	0.001601
0.641137	0.070850	274.565715	0.001590
0.666246	0.100709	262.673382	0.001226
0.511810	0.099467	285.440324	0.000763
0.546303	0.074592	200.066441	0.000376
0.411175	0.030093	178.932573	-0.000348
0.036325	-0.027580	99.065972	-0.000903
-0.201433	-0.074411	109.438584	-0.001497
-0.302043	-0.097781	65.896609	-0.001961
-0.417700	-0.095351	-26.018089	-0.002301
-0.502891	-0.069713	28.927642	-0.002812
-0.351699	-0.031218	132.896961	-0.002653
-0.122369	0.003650	121.119315	-0.002748
-0.053175	0.024854	169.468638	-0.002764
0.059728	0.026088	246.024621	-0.002663
0.317378	0.008166	260.504278	-0.002719
0.383771	-0.025635	307.067162	-0.002919
0.339611	-0.063711	356.988327	-0.002722
0.410311	-0.090702	376.554148	-0.002736
0.413606	-0.100778	383.437709	-0.002712
0.248022	-0.099697	354.866810	-0.002778
0.121885	-0.086370	362.021180	-0.002581
0.066241	-0.064330	346.174933	-0.002635
-0.036429	-0.040290	319.955912	-0.002796
-0.150784	-0.013691	339.950261	-0.002773
-0.117224	0.021196	393.695826	-0.002772
-0.039071	0.059828	366.438005	-0.002798
-0.049286	0.098943	389.878162	-0.002781
-0.034722	0.142664	371.909166	-0.002373
0.016865	0.183717	296.792831	0.000330
-0.101720	0.184149	184.727675	0.001613
-0.279059	0.129920	95.661149	0.001538
-0.409723	0.053532	-113.174117	0.001567
-0.633789	-0.021772	-253.746347	0.001640
-0.832659	-0.085353	-201.900830	0.001574
-0.590208	-0.118262	16.264570	0.001721
-0.173925	-0.111613	-56.213750	0.001741
-0.077442	-0.067713	17.615577	0.001679
0.076407	-0.003471	150.964924	0.001688
0.559459	0.060246	270.107933	0.001564
0.717730	0.098175	264.769726	0.001169
0.542611	0.103889	285.752678	0.000811
0.533978	0.084675	225.098466	0.000311
0.477774	0.045065	176.760208	-0.000103
0.121495	-0.010789	125.752185	-0.000810
-0.169006	-0.062611	97.897779	-0.001335
-0.280694	-0.092728	83.333796	-0.001976
-0.390486	-0.097249	-16.348654	-0.002449
-0.498550	-0.076643	4.182112	-0.002744
-0.403110	-0.040830	110.342266	-0.002699
-0.164910	-0.004092	138.978059	-0.002798
-0.047871	0.022121	146.552977	-0.002755
0.028789	0.029372	234.478185	-0.002925
0.264869	0.016035	263.147053	-0.002773
0.401585	-0.014322	294.259913	-0.002713
0.354939	-0.052900	350.784872	-0.002717
0.386799	-0.084753	370.249073	-0.002652
0.427736	-0.098545	385.707368	-0.002622
0.293534	-0.099754	359.503459	-0.002633
0.139716	-0.089137	361.695548	-0.002665
0.073220	-0.068848	348.648320	-0.002713
-0.009198	-0.044512	329.674117	-0.002676
-0.132379	-0.018319	320.459144	-0.002769
-0.141276	0.015926	388.324164	-0.002599
-0.053139	0.055610	370.391958	-0.002724
-0.032786	0.096178	380.678126	-0.002758
-0.041974	0.138620	372.972774	-0.002561
0.012387	0.182154	313.895564	-0.000188
-0.058881	0.188216	192.404236	0.001544
-0.246248	0.138122	110.290846	0.001492
-0.391506	0.062305	-77.125779	0.001642
-0.583545	-0.013888	-247.881247	0.001706
-0.817131	-0.080432	-218.538087	0.001613
-0.637084	-0.117813	11.071305	0.001613
-0.195604	-0.115375	-62.052398	0.001731
-0.086424	-0.074250	10.797317	0.001600
0.027622	-0.011797	137.237680	0.001549
0.516751	0.052849	250.717892	0.001750
0.715168	0.095596	269.838798	0.001373
0.553204	0.105168	284.963510	0.001036
0.545886	0.088890	225.044120	0.000464
0.507232	0.051329	189.155005	-0.000211
0.177148	-0.003445	132.405466	-0.000786
-0.123505	-0.056918	89.480777	-0.001191
-0.262204	-0.090133	98.757520	-0.001727
-0.360469	-0.098103	-12.927407	-0.002201
-0.476646	-0.080608	-8.971162	-0.002573
-0.426214	-0.044857	109.812930	-0.002840
-0.180019	-0.007341	137.597051	-0.002650
-0.044383	0.021096	135.531533	-0.002725
0.003350	0.030330	232.405921	-0.002844
0.236323	0.018433	249.041428	-0.002761
0.399137	-0.010096	291.132878	-0.002798
0.346173	-0.049821	344.264361	-0.002760
0.373588	-0.083069	370.895190	-0.002622
0.438289	-0.099269	384.617571	-0.002791
0.319221	-0.100986	368.365947	-0.002825
0.159431	-0.091249	358.779858	-0.002646
0.097203	-0.070954	362.371605	-0.002651
0.025518	-0.046203	330.490603	-0.002773
-0.108348	-0.019779	317.533119	-0.002840
-0.142515	0.013927	386.134953	-0.002787
-0.052522	0.052131	374.488735	-0.002707
-0.031708	0.091682	374.036467	-0.002636
-0.057938	0.134800	375.252378	-0.002495
-0.003872	0.178970	316.383228	-0.000291
-0.053105	0.189209	204.738206	0.001477
-0.234943	0.143608	118.573012	0.001483
-0.384200	0.069148	-71.082911	0.001534
-0.574811	-0.008279	-228.762828	0.001584
-0.794753	-0.076111	-226.389922	0.001761
-0.649177	-0.116028	-17.433677	0.001753
-0.235071	-0.117202	-38.922546	0.001768
-0.075627	-0.078796	4.779192	0.001639
0.038332	-0.017381	123.053074	0.001717
0.463725	0.048640	248.325167	0.001653
0.704530	0.093486	277.287488	0.001357
0.586620	0.105896	274.132711	0.001009
0.531785	0.091116	237.927720	0.000548
0.496842	0.054791	184.454489	0.000027
0.215427	0.000986	137.023520	-0.000674
-0.105689	-0.053794	89.958461	-0.001096
-0.265696	-0.089575	93.182790	-0.001669
-0.351329	-0.098288	-2.485749	-0.002032
-0.459472	-0.082292	-7.315494	-0.002592
-0.428068	-0.047826	95.999925	-0.002705
-0.197833	-0.009051	137.565885	-0.002747
-0.050180	0.021144	140.348816	-0.002706
0.004945	0.032773	221.881664	-0.002628
0.214755	0.022826	255.810852	-0.002593
0.383835	-0.005386	286.768071	-0.002652
0.347499	-0.045107	337.239045	-0.002735
0.355348	-0.080165	360.796367	-0.002735
0.412267	-0.098328	383.852549	-0.002684
0.324675	-0.101876	365.888527	-0.002713
0.172131	-0.092635	353.948135	-0.002705
0.091805	-0.071448	358.616456	-0.002619
0.035389	-0.046340	330.818973	-0.002778
-0.079283	-0.020226	315.376168	-0.002810
-0.137476	0.011722	379.187562	-0.002772
-0.059780	0.048338	370.464496	-0.002827
-0.024387	0.087141	372.306379	-0.002740
-0.055311	0.128669	381.359582	-0.002783
-0.006374	0.172088	328.768397	-0.000752
-0.041404	0.188669	214.342986	0.001380
-0.225932	0.150230	134.856712	0.001482
-0.373029	0.077889	-41.790509	0.001651
-0.542356	0.001782	-214.396893	0.001582
-0.791384	-0.066540	-249.967420	0.001577
-0.704947	-0.111051	-23.474239	0.001535
-0.266329	-0.116869	-38.852292	0.001565
-0.078710	-0.083145	-13.071648	0.001669
-0.012642	-0.024864	112.157712	0.001702
0.413132	0.041747	237.540326	0.001582
0.705561	0.089442	271.026274	0.001455
0.581749	0.105336	282.183138	0.000986
0.524081	0.094058	245.063337	0.000531
0.520383	0.061519	189.238134	0.000091
0.246974	0.009843	149.099955	-0.000631
-0.084327	-0.045644	87.689769	-0.001023
-0.250768	-0.084099	101.971701	-0.001651
-0.342955	-0.096371	9.563197	-0.002082
-0.456713	-0.083974	-21.611079	-0.002401
-0.456780	-0.051089	85.175155	-0.002668
-0.232504	-0.012039	143.830210	-0.002693
-0.061513	0.018413	122.044481	-0.002757
-0.025019	0.032043	219.642142	-0.002800
0.172050	0.025254	249.887906	-0.002800
0.378772	-0.000382	278.356140	-0.003006
0.344470	-0.038345	334.022567	-0.002798
0.344645	-0.074519	365.581618	-0.002756
0.420528	-0.094077	371.887404	-0.002724
0.335236	-0.099286	373.386503	-0.002699
0.174993	-0.092062	348.844000	-0.002644
0.101228	-0.072806	360.234983	-0.002626
0.038473	-0.048903	333.761475	-0.002673
-0.075960	-0.024057	310.329992	-0.002765
-0.139161	0.007793	365.280552	-0.002724
-0.072864	0.047211	379.202413	-0.002730
-0.029105	0.087027	366.286461	-0.002762
-0.052570	0.129446	382.230830	-0.002657
-0.013625	0.174983	333.505978	-0.000638
-0.036701	0.193115	211.926596	0.001551
-0.219547	0.155042	137.702632	0.001527
-0.369945	0.081612	-30.868494	0.001642
-0.536538	0.004185	-220.541573	0.001522
-0.791841	-0.066706	-246.108780	0.001626
-0.717492	-0.112679	-29.518245	0.001651
-0.267467	-0.119585	-35.357515	0.001664
-0.087170	-0.085992	-26.983231	0.001717
-0.033252	-0.026976	125.356520	0.001809
0.406903	0.039819	221.100215	0.001636
0.704472	0.089301	275.313728	0.001587
0.567631	0.106198	274.348729	0.001278
0.530760	0.096153	253.748044	0.000783
0.538200	0.064324	183.782149	0.000137
0.257207	0.013221	157.774285	-0.000470
-0.069490	-0.042495	84.154773	-0.001068
-0.231655	-0.081370	107.335594	-0.001482
-0.338461	-0.095439	7.612794	-0.002009
-0.453936	-0.084746	-25.063215	-0.002618
