MBK	ACC	OVV	EGG
-0.270718	-0.004281	-108.923928	-0.444215
-0.054753	0.004814	-85.562230	-0.448483
0.156433	0.009012	-56.516938	-0.449811
0.332314	0.009296	-30.286844	-0.450102
0.451094	0.009120	-2.339717	-0.455274
0.509069	0.006759	16.414355	-0.456812
0.512032	-0.002437	36.397207	-0.463484
0.475234	-0.024366	58.538814	-0.472193
0.413581	-0.059074	81.371822	-0.473931
0.342846	-0.098403	99.120003	-0.477409
0.264575	-0.134243	112.358788	-0.483034
0.187068	-0.165490	118.143798	-0.487489
0.108732	-0.190810	118.554527	-0.491566
0.031336	-0.205806	112.260738	-0.498498
-0.036056	-0.204823	100.943957	-0.500152
-0.095004	-0.189786	89.939025	-0.503603
-0.132733	-0.166054	81.906157	-0.510043
-0.142169	-0.139678	78.182251	-0.510725
-0.118908	-0.109863	82.914381	-0.515004
-0.072721	-0.073990	93.070970	-0.519444
-0.007566	-0.030044	105.623971	-0.520554
0.052271	0.021297	118.467437	-0.522184
0.106580	0.075945	130.527012	-0.525633
0.127249	0.132239	139.099165	-0.523142
0.126168	0.189141	141.975985	-0.524917
0.080559	0.242990	137.078907	-0.505267
0.006364	0.285770	122.755033	-0.466753
-0.095838	0.299844	97.143422	-0.456297
-0.216933	0.265773	62.912235	-0.447267
-0.343496	0.200448	21.615900	-0.439729
-0.466523	0.136136	-25.017488	-0.438791
-0.559242	0.081265	-68.693742	-0.438749
-0.593083	0.034256	-102.499463	-0.435217
-0.554942	0.004580	-121.946639	-0.438523
-0.446927	-0.001860	-120.735141	-0.440577
-0.278463	0.004945	-110.238726	-0.442086
-0.075577	0.013382	-88.572470	-0.444557
0.125669	0.018859	-60.233791	-0.449067
0.297503	0.019671	-34.455747	-0.449100
0.424362	0.018314	-11.072313	-0.452347
0.492173	0.016913	15.817435	-0.457238
0.508574	0.011400	37.825479	-0.461566
0.479159	-0.004183	60.121070	-0.469774
0.424906	-0.036821	80.308280	-0.474829
0.354150	-0.081150	99.812739	-0.475443
0.274153	-0.123006	111.196136	-0.481947
0.192262	-0.154424	113.138770	-0.487289
0.109641	-0.178194	111.610698	-0.490927
0.030558	-0.193725	107.621123	-0.496458
-0.036057	-0.194216	99.921297	-0.500988
-0.086310	-0.176682	90.655059	-0.501978
-0.116272	-0.153387	85.135855	-0.508825
-0.121976	-0.129346	83.950771	-0.511548
-0.103404	-0.103989	84.956813	-0.513547
-0.063520	-0.072704	92.286063	-0.518828
-0.012901	-0.027863	104.825863	-0.520150
0.044498	0.029448	115.445036	-0.518430
0.090521	0.086012	129.791166	-0.523872
0.117993	0.134754	137.636971	-0.522239
0.118445	0.182056	142.088106	-0.524970
0.081131	0.232794	140.854893	-0.513871
0.013425	0.282892	127.319109	-0.476056
-0.079622	0.306563	104.095160	-0.458390
-0.194096	0.277120	72.001047	-0.449787
-0.316148	0.215422	30.687205	-0.441726
-0.436539	0.153804	-13.276961	-0.438349
-0.533888	0.099884	-58.522877	-0.439669
-0.580455	0.050856	-93.768970	-0.436069
-0.561857	0.014955	-115.165604	-0.437265
-0.464445	0.002295	-119.289810	-0.443159
-0.308310	0.007423	-107.885642	-0.444545
-0.107405	0.018025	-90.493577	-0.446110
0.093090	0.023584	-61.976952	-0.451567
0.273224	0.022150	-37.739767	-0.452026
0.407090	0.019152	-8.868410	-0.455705
0.483003	0.016431	11.457191	-0.460562
0.503577	0.011139	31.632845	-0.465623
0.480119	-0.005198	57.549811	-0.471253
0.430117	-0.036037	75.864438	-0.478648
0.361335	-0.075964	96.563556	-0.479423
0.288557	-0.114880	109.969496	-0.484681
0.210384	-0.146954	116.418045	-0.491538
0.135125	-0.173313	117.080073	-0.494305
0.058911	-0.193122	112.369315	-0.499347
-0.009028	-0.198706	103.667599	-0.504550
-0.068507	-0.186349	93.882399	-0.507081
-0.110929	-0.163221	84.662466	-0.511364
-0.126002	-0.139253	82.073655	-0.516519
-0.113521	-0.113466	83.565802	-0.517889
-0.078105	-0.082586	90.735489	-0.521142
-0.025464	-0.041178	100.670092	-0.525704
0.028953	0.009907	113.144434	-0.524316
0.078237	0.063570	125.201658	-0.527134
0.111197	0.115615	134.790815	-0.528874
0.117741	0.168542	140.240641	-0.528132
0.090137	0.221978	138.167547	-0.520143
0.026792	0.270227	126.469706	-0.482882
-0.063366	0.294223	104.570818	-0.463193
-0.175464	0.270552	71.494986	-0.456330
-0.298068	0.210350	35.749130	-0.448429
-0.417575	0.145097	-9.417411	-0.443742
-0.519545	0.087898	-53.764472	-0.444405
-0.571739	0.035773	-90.677102	-0.443137
-0.557673	-0.001644	-113.408573	-0.442525
-0.471854	-0.014922	-118.001775	-0.446975
-0.323527	-0.010314	-110.773763	-0.449476
-0.130786	-0.000153	-92.018776	-0.448180
0.069640	0.005912	-66.546659	-0.453206
0.250891	0.006525	-40.160704	-0.456361
0.385741	0.004347	-11.364301	-0.457198
0.468912	0.001291	11.288607	-0.464035
0.494725	-0.006011	29.855110	-0.469317
0.474206	-0.024780	52.468988	-0.472536
0.425657	-0.055168	72.526643	-0.479212
0.361244	-0.092624	91.491583	-0.481987
0.289723	-0.128136	106.509235	-0.484610
0.217299	-0.159909	115.150522	-0.492552
0.146252	-0.185551	118.508042	-0.496816
0.075075	-0.203155	114.095297	-0.499010
0.008585	-0.209061	107.541022	-0.506355
-0.051960	-0.199672	99.278610	-0.509532
-0.098735	-0.179447	88.646616	-0.512127
-0.122678	-0.156276	84.310083	-0.518419
-0.119101	-0.130881	82.749655	-0.521016
-0.089114	-0.099831	88.900750	-0.522650
-0.041399	-0.057702	99.544384	-0.527390
0.018098	-0.007792	111.661088	-0.527287
0.069529	0.044786	123.589792	-0.527412
0.103381	0.097271	133.769684	-0.530534
0.110228	0.154351	137.362099	-0.530561
0.083636	0.210641	134.783049	-0.520859
0.022576	0.259720	123.300151	-0.484039
-0.065378	0.286772	104.136319	-0.464173
-0.176927	0.265763	69.999423	-0.454740
-0.296832	0.206058	30.982558	-0.451255
-0.416993	0.140228	-10.449035	-0.444632
-0.514894	0.083068	-55.094284	-0.444448
-0.566545	0.029214	-89.200210	-0.443392
-0.551756	-0.010719	-111.413976	-0.444461
-0.466495	-0.022994	-118.942269	-0.447119
-0.321854	-0.017026	-110.054259	-0.451162
-0.133923	-0.006877	-93.621674	-0.452115
0.061911	-0.001774	-68.030186	-0.454509
0.241284	0.000439	-42.332717	-0.458775
0.380201	-0.001139	-16.262161	-0.459321
0.461172	-0.003742	7.872401	-0.463828
0.492161	-0.010867	29.234311	-0.469899
0.472261	-0.026350	51.425907	-0.474467
0.429179	-0.053614	69.935303	-0.480498
0.365193	-0.089728	90.083214	-0.484931
0.294447	-0.127593	104.969253	-0.486730
0.219703	-0.160539	113.336770	-0.494764
0.146125	-0.186711	115.209626	-0.501362
0.075898	-0.204947	113.257710	-0.502869
0.005996	-0.208825	105.892599	-0.508256
-0.052170	-0.196789	95.817064	-0.513793
-0.096355	-0.176398	87.791310	-0.515889
-0.119183	-0.153404	83.006645	-0.520898
-0.117547	-0.127820	82.276300	-0.525219
-0.089098	-0.097118	87.106161	-0.525748
-0.047399	-0.056909	96.260539	-0.530165
0.005576	-0.005009	107.926593	-0.530916
0.055587	0.051427	119.294421	-0.531120
0.092417	0.108618	128.595944	-0.531601
0.102920	0.165177	137.047301	-0.533866
0.082148	0.222093	135.704467	-0.519959
0.023727	0.270395	122.615187	-0.484954
-0.063087	0.294653	100.115702	-0.469789
-0.177203	0.265017	70.630725	-0.457603
-0.302406	0.198124	30.270509	-0.452546
-0.426433	0.131914	-14.680183	-0.449961
-0.527776	0.078860	-58.949217	-0.447860
-0.573042	0.030410	-92.416226	-0.446061
-0.552678	-0.005538	-112.458744	-0.447417
-0.458547	-0.017720	-115.219953	-0.448367
-0.308037	-0.010548	-105.199232	-0.453946
-0.111273	0.003157	-88.613362	-0.455164
0.080436	0.010081	-62.311817	-0.456591
0.255735	0.009318	-39.158336	-0.460910
0.380083	0.006205	-12.597143	-0.463602
0.452788	0.004640	7.946203	-0.465702
0.472555	-0.001675	28.708774	-0.475077
0.450141	-0.016976	50.006955	-0.479996
0.406087	-0.046970	70.343902	-0.482272
0.345032	-0.087681	90.172575	-0.488073
0.280839	-0.126673	104.535388	-0.491422
0.209802	-0.158364	114.172245	-0.495102
0.139534	-0.182660	115.537097	-0.502256
0.069297	-0.200056	112.260780	-0.503867
0.005383	-0.202867	106.209411	-0.509657
-0.054289	-0.188892	95.125956	-0.513991
-0.092895	-0.165447	87.715956	-0.515582
-0.112557	-0.140840	86.622660	-0.519638
-0.103291	-0.117734	85.414772	-0.526077
-0.076411	-0.087087	93.229495	-0.525861
-0.032561	-0.047508	103.207251	-0.529247
0.015530	0.003182	109.779243	-0.533173
0.061249	0.058433	122.404436	-0.533414
0.089759	0.115124	134.531418	-0.531875
0.096242	0.172209	139.405090	-0.535579
0.070836	0.228918	136.667334	-0.519399
0.010768	0.277138	123.519849	-0.481492
-0.076073	0.300030	101.381173	-0.470048
-0.185285	0.270661	71.210859	-0.459119
-0.307597	0.205919	32.006858	-0.451987
-0.431228	0.141244	-13.871544	-0.450757
-0.532789	0.087864	-59.050859	-0.447126
-0.581255	0.038786	-93.191655	-0.445530
-0.561409	0.002680	-113.756017	-0.449581
-0.466122	-0.009175	-115.652433	-0.448862
-0.310112	-0.003763	-105.030065	-0.453053
-0.115177	0.007013	-85.537174	-0.456241
0.081130	0.012908	-59.942700	-0.456961
0.257955	0.013225	-34.509211	-0.459980
0.384907	0.010302	-8.706641	-0.464089
0.458565	0.008449	10.977943	-0.465580
0.476780	0.004292	30.541437	-0.473527
0.454710	-0.011625	51.833412	-0.478283
0.409851	-0.043394	73.413778	-0.480396
0.349933	-0.083882	93.316895	-0.486114
0.284964	-0.122168	107.984755	-0.490992
0.215366	-0.154734	118.013103	-0.495275
0.143751	-0.180877	118.707366	-0.501947
0.070542	-0.200163	113.516172	-0.505268
-0.000266	-0.203052	106.096863	-0.507667
-0.062178	-0.188746	95.285941	-0.513842
-0.106496	-0.164493	87.813349	-0.517029
-0.124884	-0.139257	84.617316	-0.518241
-0.115415	-0.114778	86.120524	-0.526247
-0.083930	-0.086191	93.481494	-0.528305
-0.035205	-0.047014	103.753122	-0.529422
0.017163	0.002945	112.453419	-0.532854
0.064488	0.059798	124.778453	-0.535605
0.094114	0.116884	134.546795	-0.533130
0.098186	0.176787	140.153807	-0.537269
0.068967	0.236652	137.277268	-0.520429
0.011992	0.283456	125.732065	-0.481575
-0.077840	0.300308	104.202652	-0.470209
-0.190223	0.266008	71.302498	-0.459704
-0.314909	0.201893	27.780120	-0.451823
-0.438678	0.136985	-18.098382	-0.451797
-0.538399	0.081413	-61.486677	-0.450795
-0.586639	0.031744	-96.050984	-0.447626
-0.563618	-0.001119	-115.847459	-0.451687
-0.467165	-0.011198	-116.859278	-0.451870
-0.309989	-0.005408	-106.465067	-0.455220
-0.111273	0.003717	-85.684751	-0.458464
0.085523	0.008410	-59.097473	-0.459562
0.262687	0.009181	-35.222728	-0.461326
0.387613	0.007633	-9.668361	-0.467539
0.459741	0.005037	10.972415	-0.468308
0.476855	-0.002956	31.957148	-0.475002
0.454912	-0.019241	53.366118	-0.482343
0.408316	-0.049958	74.773371	-0.485716
0.350060	-0.089543	94.695816	-0.489045
0.283437	-0.127388	108.593290	-0.494675
0.215753	-0.158867	116.192855	-0.497895
0.143646	-0.184054	117.559201	-0.503829
0.072789	-0.200664	112.628453	-0.509191
0.002719	-0.203278	103.683367	-0.511334
-0.060104	-0.191705	93.584187	-0.515561
-0.103260	-0.171033	85.173523	-0.521364
-0.124742	-0.146775	80.326092	-0.521914
-0.113938	-0.122164	80.464276	-0.525961
-0.081651	-0.093078	88.465324	-0.530251
-0.031162	-0.053597	99.991640	-0.530651
0.026630	-0.004412	113.180594	-0.530928
0.075117	0.050332	124.349639	-0.535308
0.106721	0.106496	134.979474	-0.532624
0.112185	0.163929	139.739870	-0.535186
0.084244	0.221249	136.450235	-0.523128
0.023931	0.271489	123.739884	-0.483019
-0.065759	0.293546	102.737053	-0.470108
-0.178318	0.264475	71.220486	-0.460814
-0.301781	0.201177	32.701880	-0.452188
-0.425726	0.134778	-11.971380	-0.450769
-0.526893	0.078406	-57.052740	-0.450853
-0.577950	0.029614	-91.214417	-0.446470
-0.559570	-0.004929	-112.321943	-0.449094
-0.472828	-0.017044	-116.649174	-0.451597
-0.322149	-0.012976	-107.910191	-0.452429
-0.131213	-0.002856	-89.805335	-0.457283
0.066523	0.003558	-64.524134	-0.460524
0.246480	0.004780	-39.787707	-0.461498
0.380109	0.003297	-13.830031	-0.464997
0.458870	0.001716	8.816758	-0.468261
0.486134	-0.004254	30.060832	-0.473007
0.468944	-0.020243	52.110383	-0.481318
0.425666	-0.050833	72.816175	-0.485096
0.366288	-0.091728	92.161270	-0.486805
0.297971	-0.131122	108.075775	-0.493174
0.224135	-0.162144	116.620166	-0.498084
0.152543	-0.186628	118.034570	-0.502675
0.079744	-0.205018	115.331416	-0.507127
0.011285	-0.209303	107.066565	-0.509848
-0.049668	-0.196738	97.595701	-0.513120
-0.093298	-0.174290	89.284203	-0.519154
-0.114057	-0.149385	84.422151	-0.522116
-0.107251	-0.122736	85.337081	-0.525007
-0.078972	-0.090688	90.482007	-0.530485
-0.033352	-0.048130	100.410969	-0.531314
0.018729	0.003172	112.626515	-0.531514
0.063585	0.057710	123.506482	-0.536427
0.092780	0.114300	132.511033	-0.534009
0.096484	0.173950	136.621466	-0.535588
0.069627	0.229976	134.756500	-0.517504
0.013934	0.275069	122.216529	-0.479941
-0.072633	0.290857	100.975351	-0.469113
-0.180379	0.256247	68.839511	-0.461300
-0.303143	0.190977	29.469960	-0.453683
-0.425474	0.128487	-14.986502	-0.450028
-0.519203	0.075796	-58.722251	-0.452081
-0.562486	0.028130	-89.741455	-0.448353
-0.534132	-0.003807	-108.087594	-0.451489
-0.439470	-0.012669	-109.863310	-0.454766
-0.286026	-0.007113	-100.555259	-0.456453
-0.094432	0.002021	-81.709294	-0.458519
0.096489	0.007313	-56.719113	-0.463109
0.268715	0.007851	-33.379589	-0.462955
0.392519	0.007078	-9.492654	-0.465705
0.465351	0.005158	11.945569	-0.471371
0.486063	-0.000234	32.815222	-0.476001
0.467803	-0.017949	54.201539	-0.482624
0.425285	-0.049816	75.995840	-0.488085
0.366483	-0.088906	95.603700	-0.489606
0.300631	-0.126398	110.087077	-0.494451
0.228900	-0.157760	117.211434	-0.501664
0.153596	-0.181283	119.888358	-0.504507
0.076080	-0.196454	115.980158	-0.509851
0.002571	-0.196885	107.857304	-0.513703
-0.059803	-0.184395	98.366318	-0.515470
-0.103994	-0.162432	91.047900	-0.520485
-0.123879	-0.138052	88.297971	-0.524761
-0.114077	-0.112702	90.222072	-0.525974
-0.083198	-0.081283	96.909562	-0.530224
-0.031541	-0.037446	104.440763	-0.532911
0.023463	0.013409	115.067902	-0.532218
0.072971	0.066553	125.867945	-0.536767
0.103034	0.122638	133.730153	-0.534802
0.104594	0.185356	136.526678	-0.535893
0.076264	0.246406	132.743763	-0.516941
0.016900	0.291716	121.409578	-0.481045
-0.069563	0.306014	99.092841	-0.468323
-0.182643	0.270456	64.357309	-0.460060
-0.307924	0.203041	24.278313	-0.453579
-0.433311	0.136384	-22.455057	-0.448143
-0.532977	0.080796	-65.698752	-0.449263
-0.576879	0.031722	-97.425169	-0.447505
-0.548159	0.000177	-114.874658	-0.447072
-0.450164	-0.005396	-114.855928	-0.452113
-0.287737	0.004662	-102.885764	-0.454791
-0.091428	0.014820	-82.003498	-0.454864
0.104870	0.018693	-53.569334	-0.460504
0.277546	0.018734	-31.741362	-0.461969
0.396812	0.017698	-8.267041	-0.462904
0.462872	0.016734	13.374141	-0.469693
0.474481	0.009378	32.248329	-0.474405
0.449045	-0.009436	53.784561	-0.479142
0.402268	-0.042256	76.109114	-0.486777
0.343809	-0.082367	92.675139	-0.488894
0.279868	-0.118927	107.858284	-0.492628
0.212847	-0.150437	115.186900	-0.500430
0.144017	-0.175030	116.586537	-0.503696
0.072861	-0.190633	111.379288	-0.507402
0.003535	-0.189955	102.475629	-0.512392
-0.057884	-0.174178	94.361105	-0.514519
-0.103024	-0.152848	86.181597	-0.517698
-0.123900	-0.129754	82.912713	-0.522652
-0.116312	-0.102521	85.568353	-0.526299
-0.082925	-0.068378	92.507223	-0.527276
-0.033474	-0.024655	103.517909	-0.532305
0.025691	0.023924	115.657793	-0.532195
0.073435	0.075671	124.615695	-0.534147
0.103176	0.130720	130.639146	-0.535089
0.105391	0.187216	135.739729	-0.535414
0.072354	0.239705	132.060325	-0.517337
0.008906	0.284106	118.210946	-0.482310
-0.084399	0.303898	96.315779	-0.469140
-0.195285	0.274282	65.994430	-0.459147
-0.310741	0.210911	27.146203	-0.453769
-0.428341	0.145408	-16.202607	-0.450373
-0.522023	0.090882	-60.314947	-0.450771
-0.564691	0.043530	-94.059280	-0.448528
-0.543296	0.011754	-113.910217	-0.450405
-0.448231	0.002174	-116.611509	-0.451977
-0.298421	0.007457	-105.082198	-0.456354
-0.103606	0.016692	-85.508974	-0.456176
0.090894	0.022996	-57.770190	-0.460325
0.266126	0.023445	-33.357747	-0.463922
0.392880	0.020652	-7.014482	-0.464801
0.466016	0.015597	13.282850	-0.470107
0.486317	0.007822	32.686802	-0.477035
0.463897	-0.010267	54.732535	-0.480665
0.418897	-0.042203	74.440594	-0.486809
0.353299	-0.080982	93.903643	-0.489857
0.285763	-0.118144	108.454501	-0.493831
0.212704	-0.147583	117.155638	-0.501942
0.141440	-0.170337	119.973527	-0.505967
0.067913	-0.186518	115.901727	-0.509133
-0.002398	-0.188538	109.010746	-0.514040
